As_of_Date_In_Form_YYMMDD,Market_and_Exchange_Names,CFTC_Contract_Market_Code,Dealer_Positions_Long_All,Dealer_Positions_Short_All,Dealer_Positions_Spread_All,Net_Dealer,Asset_Mgr_Positions_Long_All,Asset_Mgr_Positions_Short_All,Asset_Mgr_Positions_Spread_All,Net_AssetManager,Lev_Money_Positions_Long_All,Lev_Money_Positions_Short_All,Lev_Money_Positions_Spread_All,Net_LevFunds,Other_Rept_Positions_Long_All,Other_Rept_Positions_Short_All,Other_Rept_Positions_Spread_All,Net_OtherReport,NonRept_Positions_Long_All,NonRept_Positions_Short_All,Net_NonReport
250729,CANADIAN DOLLAR - CHICAGO MERCANTILE EXCHANGE,090741,95832,19537,613,76295,36500,88299,13315,-51799,17555,47640,5245,-30085,8934,2490,34,6444,23824,24679,-855
250722,CANADIAN DOLLAR - CHICAGO MERCANTILE EXCHANGE,090741,94422,22297,193,72125,35356,82990,13092,-47634,19500,50125,5368,-30625,9273,1972,44,7301,23647,24814,-1167
250715,CANADIAN DOLLAR - CHICAGO MERCANTILE EXCHANGE,090741,94000,24896,1,69104,36258,87009,12297,-50751,18796,44516,4727,-25720,8793,2754,12,6039,27836,26508,1328
250708,CANADIAN DOLLAR - CHICAGO MERCANTILE EXCHANGE,090741,89992,27779,0,62213,38868,81477,12600,-42609,17728,46507,4097,-28779,9400,3139,10,6261,28631,25717,2914
250701,CANADIAN DOLLAR - CHICAGO MERCANTILE EXCHANGE,090741,88902,32566,0,56336,42428,77815,13642,-35387,16179,47298,4163,-31119,10984,3296,10,7688,27177,24695,2482
250624,CANADIAN DOLLAR - CHICAGO MERCANTILE EXCHANGE,090741,82380,36258,0,46122,46682,72459,12887,-25777,15736,47453,4236,-31717,11796,3161,25,8635,27452,24715,2737
250617,CANADIAN DOLLAR - CHICAGO MERCANTILE EXCHANGE,090741,162309,100912,8904,61397,47979,79810,12133,-31831,19310,56275,4112,-36965,10558,7637,1383,2921,28113,23635,4478
250610,CANADIAN DOLLAR - CHICAGO MERCANTILE EXCHANGE,090741,158972,64115,13884,94857,40588,97181,5589,-56593,16625,56327,16564,-39702,8737,9235,29,-498,27489,25553,1936
250603,CANADIAN DOLLAR - CHICAGO MERCANTILE EXCHANGE,090741,164104,49692,2286,114412,38157,103352,5189,-65195,15552,62849,10673,-47297,9964,9705,149,259,23967,26146,-2179
250527,CANADIAN DOLLAR - CHICAGO MERCANTILE EXCHANGE,090741,162862,51585,367,111277,36925,105383,5547,-68458,16678,62383,4588,-45705,11021,7031,63,3990,25181,26285,-1104
250520,CANADIAN DOLLAR - CHICAGO MERCANTILE EXCHANGE,090741,167788,42859,0,124929,34175,116443,5971,-82268,19646,59860,5064,-40214,11827,5153,64,6674,22213,31334,-9121
250513,CANADIAN DOLLAR - CHICAGO MERCANTILE EXCHANGE,090741,163355,59573,0,103782,36038,104102,5419,-68064,21114,56458,5026,-35344,10496,1131,79,9365,21276,31015,-9739
250506,CANADIAN DOLLAR - CHICAGO MERCANTILE EXCHANGE,090741,157629,76023,72,81606,39126,94182,5048,-55056,12831,44974,4420,-32143,11927,510,0,11417,24048,29872,-5824
250429,CANADIAN DOLLAR - CHICAGO MERCANTILE EXCHANGE,090741,156444,75155,24,81289,37759,91999,4947,-54240,11464,43678,2158,-32214,13768,486,0,13282,22693,30810,-8117
250422,CANADIAN DOLLAR - CHICAGO MERCANTILE EXCHANGE,090741,156111,67544,183,88567,36040,93261,5333,-57221,11449,50568,1913,-39119,14616,837,177,13779,23821,29827,-6006
250415,CANADIAN DOLLAR - CHICAGO MERCANTILE EXCHANGE,090741,158622,41073,416,117549,34698,108078,4823,-73380,12380,63629,1504,-51249,13841,478,524,13363,22676,28959,-6283
250408,CANADIAN DOLLAR - CHICAGO MERCANTILE EXCHANGE,090741,174083,18369,224,155714,33043,128649,4753,-95606,9354,72188,2442,-62834,13457,512,378,12945,20529,30748,-10219
250401,CANADIAN DOLLAR - CHICAGO MERCANTILE EXCHANGE,090741,176291,9860,418,166431,31590,153784,4420,-122194,19122,68543,2719,-49421,19657,1171,221,18486,23892,37194,-13302
250325,CANADIAN DOLLAR - CHICAGO MERCANTILE EXCHANGE,090741,178591,5898,296,172693,32203,161425,4691,-129222,17877,67999,3408,-50122,19440,2127,3,17313,24617,35279,-10662
250318,CANADIAN DOLLAR - CHICAGO MERCANTILE EXCHANGE,090741,211949,20801,34900,191148,31120,169724,5069,-138604,10823,74345,5734,-63522,23931,2376,72,21555,24334,34911,-10577
250311,CANADIAN DOLLAR - CHICAGO MERCANTILE EXCHANGE,090741,220845,16970,7832,203875,30511,177603,8329,-147092,6946,70407,13666,-63461,23860,3444,1083,20416,26850,40588,-13738
250304,CANADIAN DOLLAR - CHICAGO MERCANTILE EXCHANGE,090741,224852,17619,2468,207233,31569,178722,4074,-147153,10601,75181,21842,-64580,19442,3732,964,15710,24406,35616,-11210
250225,CANADIAN DOLLAR - CHICAGO MERCANTILE EXCHANGE,090741,213044,19094,611,193950,36149,174505,4858,-138356,8701,75578,9426,-66877,18007,1809,929,16198,27768,32683,-4915
250218,CANADIAN DOLLAR - CHICAGO MERCANTILE EXCHANGE,090741,217615,15735,655,201880,37853,173314,4766,-135461,6968,85062,8238,-78094,19583,1339,872,18244,26645,33214,-6569
250211,CANADIAN DOLLAR - CHICAGO MERCANTILE EXCHANGE,090741,228531,13506,578,215025,34871,173754,4551,-138883,5683,87330,7963,-81647,19451,2183,146,17268,25075,36838,-11763
250204,CANADIAN DOLLAR - CHICAGO MERCANTILE EXCHANGE,090741,246568,15650,529,230918,34620,184732,3978,-150112,5300,96118,7585,-90818,22697,2287,0,20410,25707,36105,-10398
250128,CANADIAN DOLLAR - CHICAGO MERCANTILE EXCHANGE,090741,228840,12867,741,215973,33248,172952,4164,-139704,5869,89815,7166,-83946,24614,1568,0,23046,26467,41836,-15369
250121,CANADIAN DOLLAR - CHICAGO MERCANTILE EXCHANGE,090741,231799,16395,724,215404,33303,166181,4271,-132878,3350,95722,6178,-92372,24764,2627,0,22137,27246,39537,-12291
250114,CANADIAN DOLLAR - CHICAGO MERCANTILE EXCHANGE,090741,248173,14987,381,233186,30100,185148,4483,-155048,6876,94932,6598,-88056,26219,1973,0,24246,27533,41861,-14328
250107,CANADIAN DOLLAR - CHICAGO MERCANTILE EXCHANGE,090741,260359,13069,445,247290,28378,188673,4851,-160295,5550,100129,6530,-94579,23291,1829,0,21462,27806,41684,-13878
250729,SWISS FRANC - CHICAGO MERCANTILE EXCHANGE,092741,48029,7573,0,40456,6883,40917,995,-34034,6853,9115,124,-2262,1000,904,0,96,13021,17277,-4256
250722,SWISS FRANC - CHICAGO MERCANTILE EXCHANGE,092741,44953,7482,0,37471,7122,40890,984,-33768,5962,9643,105,-3681,1250,906,0,344,15305,15671,-366
250715,SWISS FRANC - CHICAGO MERCANTILE EXCHANGE,092741,43716,8416,0,35300,6449,40471,974,-34022,7129,8372,60,-1243,1250,906,0,344,14677,15056,-379
250708,SWISS FRANC - CHICAGO MERCANTILE EXCHANGE,092741,40949,5715,0,35234,6487,43761,1035,-37274,6872,6535,28,337,1250,966,0,284,16140,14721,1419
250701,SWISS FRANC - CHICAGO MERCANTILE EXCHANGE,092741,41333,5565,0,35768,6602,43434,905,-36832,5350,6420,558,-1070,1250,1236,0,14,16548,14428,2120
250624,SWISS FRANC - CHICAGO MERCANTILE EXCHANGE,092741,38483,3692,0,34791,6299,43086,835,-36787,6664,5441,105,1223,1653,1056,0,597,15449,15273,176
250617,SWISS FRANC - CHICAGO MERCANTILE EXCHANGE,092741,38360,4019,0,34341,6088,41945,780,-35857,4922,4740,21,182,1500,1056,0,444,15712,14822,890
250610,SWISS FRANC - CHICAGO MERCANTILE EXCHANGE,092741,42948,11067,4516,31881,5955,42734,763,-36779,8660,4172,6278,4488,1000,2016,2,-1016,16806,15380,1426
250603,SWISS FRANC - CHICAGO MERCANTILE EXCHANGE,092741,43269,9404,1552,33865,7379,38570,719,-31191,5857,7475,6135,-1618,1000,2238,2,-1238,15409,15227,182
250527,SWISS FRANC - CHICAGO MERCANTILE EXCHANGE,092741,44522,11649,172,32873,7760,36784,749,-29024,4465,7433,994,-2968,1000,1910,2,-910,14117,14088,29
250520,SWISS FRANC - CHICAGO MERCANTILE EXCHANGE,092741,44080,11365,0,32715,8432,35385,723,-26953,5321,8347,17,-3026,1000,2205,2,-1205,13558,15089,-1531
250513,SWISS FRANC - CHICAGO MERCANTILE EXCHANGE,092741,42769,12810,0,29959,8566,33576,711,-25010,5456,9861,26,-4405,1000,1614,0,-614,14560,14490,70
250506,SWISS FRANC - CHICAGO MERCANTILE EXCHANGE,092741,45014,12408,0,32606,7230,32493,600,-25263,3986,9707,114,-5721,1000,1764,0,-764,12634,13492,-858
250429,SWISS FRANC - CHICAGO MERCANTILE EXCHANGE,092741,44936,12816,0,32120,9004,31498,785,-22494,3637,11519,25,-7882,1000,1794,0,-794,12562,13512,-950
250422,SWISS FRANC - CHICAGO MERCANTILE EXCHANGE,092741,45172,10233,0,34939,9846,33565,621,-23719,3031,12129,23,-9098,1000,1854,0,-854,13198,14466,-1268
250415,SWISS FRANC - CHICAGO MERCANTILE EXCHANGE,092741,46375,5277,0,41098,10472,34302,518,-23830,2666,16542,29,-13876,1000,1236,0,-236,12419,15575,-3156
250408,SWISS FRANC - CHICAGO MERCANTILE EXCHANGE,092741,53912,4697,0,49215,8959,35918,181,-26959,1788,15995,93,-14207,514,1040,327,-526,10659,18182,-7523
250401,SWISS FRANC - CHICAGO MERCANTILE EXCHANGE,092741,67624,783,0,66841,8677,45111,197,-36434,2573,25475,0,-22902,0,500,0,-500,10177,17182,-7005
250325,SWISS FRANC - CHICAGO MERCANTILE EXCHANGE,092741,63279,759,1,62520,8512,40372,200,-31860,3172,24322,48,-21150,0,1001,0,-1001,10519,19028,-8509
250318,SWISS FRANC - CHICAGO MERCANTILE EXCHANGE,092741,56629,595,2,56034,8870,38825,191,-29955,3701,20630,49,-16929,0,500,0,-500,10615,19265,-8650
250311,SWISS FRANC - CHICAGO MERCANTILE EXCHANGE,092741,62679,4120,8915,58559,8563,41867,51,-33304,3870,20611,3068,-16741,0,3230,115,-3230,13232,18516,-5284
250304,SWISS FRANC - CHICAGO MERCANTILE EXCHANGE,092741,67935,3835,419,64100,10931,46743,13,-35812,4488,19584,871,-15096,400,3296,0,-2896,11964,22260,-10296
250225,SWISS FRANC - CHICAGO MERCANTILE EXCHANGE,092741,72525,3415,43,69110,8894,47718,40,-38824,4978,21079,63,-16101,400,3276,0,-2876,10235,21544,-11309
250218,SWISS FRANC - CHICAGO MERCANTILE EXCHANGE,092741,72828,2865,26,69963,8872,47924,12,-39052,6830,20990,103,-14160,400,4005,0,-3605,8807,21953,-13146
250211,SWISS FRANC - CHICAGO MERCANTILE EXCHANGE,092741,72997,2411,455,70586,8717,46136,171,-37419,5508,20466,52,-14958,400,3597,0,-3197,9859,24871,-15012
250204,SWISS FRANC - CHICAGO MERCANTILE EXCHANGE,092741,73205,2841,38,70364,9503,50266,309,-40763,5855,19488,197,-13633,400,3323,0,-2923,8424,21469,-13045
250128,SWISS FRANC - CHICAGO MERCANTILE EXCHANGE,092741,73886,2694,336,71192,8952,49503,287,-40551,4801,19970,111,-15169,400,3422,0,-3022,8491,20941,-12450
250121,SWISS FRANC - CHICAGO MERCANTILE EXCHANGE,092741,70502,2196,456,68306,9915,47506,372,-37591,6358,18287,98,-11929,400,3265,0,-2865,8255,24176,-15921
250114,SWISS FRANC - CHICAGO MERCANTILE EXCHANGE,092741,70293,2083,371,68210,7141,47898,438,-40757,7987,16318,99,-8331,400,1880,0,-1480,7316,24958,-17642
250107,SWISS FRANC - CHICAGO MERCANTILE EXCHANGE,092741,65563,2112,497,63451,9442,45504,438,-36062,7463,17271,90,-9808,400,1425,0,-1025,7351,23907,-16556
250729,BRITISH POUND - CHICAGO MERCANTILE EXCHANGE,096742,44612,23772,6624,20840,45490,111086,6067,-65596,73071,25370,2104,47701,615,2264,0,-1649,29296,30592,-1296
250722,BRITISH POUND - CHICAGO MERCANTILE EXCHANGE,096742,31025,28718,2932,2307,48719,106972,5285,-58253,72364,20847,1600,51517,1363,2103,0,-740,32179,27010,5169
250715,BRITISH POUND - CHICAGO MERCANTILE EXCHANGE,096742,10620,37878,2925,-27258,57625,84786,6217,-27161,72514,24991,2069,47523,834,2228,0,-1394,34471,26181,8290
250708,BRITISH POUND - CHICAGO MERCANTILE EXCHANGE,096742,8829,39841,2962,-31012,66611,79765,4508,-13154,69294,32645,1627,36649,1091,3922,0,-2831,36635,26287,10348
250701,BRITISH POUND - CHICAGO MERCANTILE EXCHANGE,096742,6889,38674,1065,-31785,71631,78517,4256,-6886,64702,34596,912,30106,1091,5098,0,-4007,38143,25571,12572
250624,BRITISH POUND - CHICAGO MERCANTILE EXCHANGE,096742,9361,42599,1039,-33238,64941,78243,3921,-13302,63501,21817,1229,41684,0,4784,0,-4784,35906,26266,9640
250617,BRITISH POUND - CHICAGO MERCANTILE EXCHANGE,096742,5070,41822,144,-36752,65765,73198,4425,-7433,64649,28801,1456,35848,1680,2549,0,-869,33837,24631,9206
250610,BRITISH POUND - CHICAGO MERCANTILE EXCHANGE,096742,15792,68088,11057,-52296,71989,67679,6695,4310,65686,24156,5551,41530,971,3443,0,-2472,36199,27271,8928
250603,BRITISH POUND - CHICAGO MERCANTILE EXCHANGE,096742,8546,62038,19130,-53492,69092,67713,6183,1379,73098,33699,18187,39399,2402,3438,0,-1036,36963,23213,13750
250527,BRITISH POUND - CHICAGO MERCANTILE EXCHANGE,096742,9410,55431,1695,-46021,70144,71584,5788,-1440,71735,33001,6395,38734,1100,3861,0,-2761,36723,25235,11488
250520,BRITISH POUND - CHICAGO MERCANTILE EXCHANGE,096742,10745,43147,785,-32402,62059,68259,5850,-6200,64799,32603,17920,32196,0,3418,0,-3418,33168,23344,9824
250513,BRITISH POUND - CHICAGO MERCANTILE EXCHANGE,096742,12208,40898,161,-28690,60216,65962,4741,-5746,65307,32921,18843,32386,620,3413,0,-2793,32765,27922,4843
250506,BRITISH POUND - CHICAGO MERCANTILE EXCHANGE,096742,13850,44929,175,-31079,64716,66634,3806,-1918,66229,35698,19344,30531,401,3436,0,-3035,31693,26192,5501
250429,BRITISH POUND - CHICAGO MERCANTILE EXCHANGE,096742,10789,40109,162,-29320,65506,66452,3377,-946,62771,35223,17832,27548,401,3447,0,-3046,31474,25710,5764
250422,BRITISH POUND - CHICAGO MERCANTILE EXCHANGE,096742,10584,34346,80,-23762,63181,68293,3297,-5112,67488,37721,5202,29767,401,6243,0,-5842,29322,24373,4949
250415,BRITISH POUND - CHICAGO MERCANTILE EXCHANGE,096742,16658,23966,272,-7308,54252,71852,2623,-17600,70443,36385,4069,34058,0,12130,0,-12130,28689,25709,2980
250408,BRITISH POUND - CHICAGO MERCANTILE EXCHANGE,096742,21438,26712,272,-5274,49561,68394,3373,-18833,72555,28147,5580,44408,0,18786,0,-18786,24131,25646,-1515
250401,BRITISH POUND - CHICAGO MERCANTILE EXCHANGE,096742,12126,35550,202,-23424,59493,74408,2892,-14915,76484,28234,5090,48250,582,14657,43,-14075,30248,26084,4164
250325,BRITISH POUND - CHICAGO MERCANTILE EXCHANGE,096742,10710,45978,88,-35268,67411,72801,2985,-5390,71377,30671,4830,40706,1585,8032,0,-6447,32226,25827,6399
250318,BRITISH POUND - CHICAGO MERCANTILE EXCHANGE,096742,8710,32560,97,-23850,60369,73497,3427,-13128,67268,35312,6404,31956,1163,5483,0,-4320,33403,24061,9342
250311,BRITISH POUND - CHICAGO MERCANTILE EXCHANGE,096742,37619,51811,17649,-14192,51007,76459,2638,-25452,61074,33141,26057,27933,11342,2799,0,8543,41071,37903,3168
250304,BRITISH POUND - CHICAGO MERCANTILE EXCHANGE,096742,42892,33301,2799,9591,41378,86017,1393,-44639,62241,28491,13514,33750,8711,2549,0,6162,27706,32570,-4864
250225,BRITISH POUND - CHICAGO MERCANTILE EXCHANGE,096742,56707,26496,2289,30211,43185,90483,1988,-47298,60643,28575,9447,32068,1217,5549,0,-4332,24992,35641,-10649
250218,BRITISH POUND - CHICAGO MERCANTILE EXCHANGE,096742,58645,24582,2394,34063,40426,96902,1244,-56476,63543,28739,9613,34804,3376,5549,0,-2173,24129,34347,-10218
250211,BRITISH POUND - CHICAGO MERCANTILE EXCHANGE,096742,73569,25186,0,48383,32211,100276,1351,-68065,58540,26918,13256,31622,4735,3363,160,1372,24316,37628,-13312
250204,BRITISH POUND - CHICAGO MERCANTILE EXCHANGE,096742,78492,21927,0,56565,34621,99697,1566,-65076,56170,33271,8472,22899,2194,2876,178,-682,22951,36657,-13706
250128,BRITISH POUND - CHICAGO MERCANTILE EXCHANGE,096742,88834,19266,0,69568,33544,103154,1145,-69610,52427,32499,8940,19928,831,3035,19,-2204,21081,38763,-17682
250121,BRITISH POUND - CHICAGO MERCANTILE EXCHANGE,096742,72459,20685,0,51774,43354,107685,1432,-64331,63658,30610,6751,33048,3131,3130,0,1,21903,42395,-20492
250114,BRITISH POUND - CHICAGO MERCANTILE EXCHANGE,096742,53090,14732,0,38358,47966,103195,1384,-55229,67791,32917,7570,34874,1033,3613,175,-2580,21817,37240,-15423
250107,BRITISH POUND - CHICAGO MERCANTILE EXCHANGE,096742,42238,18677,17,23561,39627,97709,1194,-58082,72934,25621,7167,47313,0,4009,265,-4009,25328,34111,-8783
250729,JAPANESE YEN - CHICAGO MERCANTILE EXCHANGE,097741,46073,186961,187,-140888,103482,31931,4351,71551,37000,57878,3391,-20878,92174,5264,2151,86910,40306,37001,3305
250722,JAPANESE YEN - CHICAGO MERCANTILE EXCHANGE,097741,28423,192337,230,-163914,100874,30516,3967,70358,36995,43056,3274,-6061,95601,6699,0,88902,43676,32961,10715
250715,JAPANESE YEN - CHICAGO MERCANTILE EXCHANGE,097741,36455,192890,169,-156435,100056,31678,4313,68378,42392,45751,3659,-3359,90979,6827,44,84152,43283,36019,7264
250708,JAPANESE YEN - CHICAGO MERCANTILE EXCHANGE,097741,9523,203380,209,-193857,112913,25159,4968,87754,42605,32223,4874,10382,92634,9438,0,83196,40895,28370,12525
250701,JAPANESE YEN - CHICAGO MERCANTILE EXCHANGE,097741,5973,225947,193,-219974,119394,25339,4519,94055,43066,26420,3517,16646,92212,6458,9,85754,45368,21849,23519
250624,JAPANESE YEN - CHICAGO MERCANTILE EXCHANGE,097741,5506,221813,119,-216307,116393,24632,4691,91761,48739,28981,4215,19758,94483,5128,159,89355,40462,25029,15433
250617,JAPANESE YEN - CHICAGO MERCANTILE EXCHANGE,097741,7244,224439,119,-217195,119461,26366,4531,93095,45713,27930,3730,17783,93324,4303,150,89021,43251,25955,17296
250610,JAPANESE YEN - CHICAGO MERCANTILE EXCHANGE,097741,11486,244029,36890,-232543,131187,21235,5310,109952,44731,24112,15176,20619,89358,11868,1,77490,54124,29642,24482
250603,JAPANESE YEN - CHICAGO MERCANTILE EXCHANGE,097741,13257,250144,397,-236887,130723,21167,4681,109556,49497,23347,32087,26150,90868,14046,1,76822,44497,20138,24359
250527,JAPANESE YEN - CHICAGO MERCANTILE EXCHANGE,097741,11894,256512,1654,-244618,127979,13817,4775,114162,49246,25171,41806,24075,97722,11027,1,86695,41934,22248,19686
250520,JAPANESE YEN - CHICAGO MERCANTILE EXCHANGE,097741,10501,259716,2402,-249215,124230,13308,4784,110922,55915,17418,31722,38497,98813,12708,1,86105,38497,24806,13691
250513,JAPANESE YEN - CHICAGO MERCANTILE EXCHANGE,097741,11512,257899,2501,-246387,124096,14755,5045,109341,55015,19972,24098,35043,97238,7858,1,89380,40015,27392,12623
250506,JAPANESE YEN - CHICAGO MERCANTILE EXCHANGE,097741,15495,277678,2659,-262183,134156,8481,6483,125675,54358,29708,20052,24650,97907,9802,1,88105,44435,20682,23753
250429,JAPANESE YEN - CHICAGO MERCANTILE EXCHANGE,097741,10758,277672,2781,-266914,137808,10533,6030,127275,50238,30627,13273,19611,100969,3626,1,97343,44388,21703,22685
250422,JAPANESE YEN - CHICAGO MERCANTILE EXCHANGE,097741,8474,269048,2952,-260574,135299,15316,6183,119983,50802,31359,2974,19443,99899,1859,0,98040,44643,21535,23108
250415,JAPANESE YEN - CHICAGO MERCANTILE EXCHANGE,097741,7590,255341,2687,-247751,130058,15150,5790,114908,51122,33022,1237,18100,98167,1914,0,96253,42198,23708,18490
250408,JAPANESE YEN - CHICAGO MERCANTILE EXCHANGE,097741,5632,233795,2549,-228163,115727,12797,6279,102930,52436,33203,4027,19233,94462,3064,46,91398,39600,24998,14602
250401,JAPANESE YEN - CHICAGO MERCANTILE EXCHANGE,097741,4942,200763,2607,-195821,99685,23036,7059,76649,48928,37665,3607,11263,96110,4974,122,91136,48102,31329,16773
250325,JAPANESE YEN - CHICAGO MERCANTILE EXCHANGE,097741,5335,190362,2793,-185027,99454,19587,7508,79867,41782,41473,4279,309,97598,3111,64,94487,44965,34601,10364
250318,JAPANESE YEN - CHICAGO MERCANTILE EXCHANGE,097741,1791,180917,2469,-179126,100447,20250,7057,80197,40348,46181,4015,-5833,94384,3434,0,90950,46056,32244,13812
250311,JAPANESE YEN - CHICAGO MERCANTILE EXCHANGE,097741,13116,202317,86884,-189201,111825,27286,6283,84539,46055,45638,30340,417,92467,3589,163,88878,59045,43678,15367
250304,JAPANESE YEN - CHICAGO MERCANTILE EXCHANGE,097741,9567,196332,15495,-186765,115992,32223,6333,83769,47578,45028,21622,2550,92774,4596,0,88178,45054,32786,12268
250225,JAPANESE YEN - CHICAGO MERCANTILE EXCHANGE,097741,10456,165651,1430,-155195,109396,37634,6272,71762,47598,59318,17750,-11720,90547,8359,0,82188,45737,32772,12965
250218,JAPANESE YEN - CHICAGO MERCANTILE EXCHANGE,097741,13311,110416,32,-97105,87890,48966,6304,38924,43974,67824,4465,-23850,80864,8457,338,72407,43985,34361,9624
250211,JAPANESE YEN - CHICAGO MERCANTILE EXCHANGE,097741,9892,100568,0,-90676,86253,48939,6140,37314,35523,66542,4929,-31019,80430,9588,338,70842,49809,36270,13539
250204,JAPANESE YEN - CHICAGO MERCANTILE EXCHANGE,097741,8671,61195,6,-52524,62742,49047,6981,13695,33050,62138,5970,-29088,64876,8874,338,56002,49277,37362,11915
250128,JAPANESE YEN - CHICAGO MERCANTILE EXCHANGE,097741,11429,38639,118,-27210,58289,60102,5783,-1813,24923,59098,7075,-34175,64660,9158,338,55502,44173,36477,7696
250121,JAPANESE YEN - CHICAGO MERCANTILE EXCHANGE,097741,17792,24265,6,-6473,50196,63403,5396,-13207,27591,67227,6758,-39636,59901,6429,338,53472,43642,37798,5844
250114,JAPANESE YEN - CHICAGO MERCANTILE EXCHANGE,097741,39297,15437,6,23860,52052,72161,5424,-20109,25130,77511,4530,-52381,56907,6665,338,50242,40268,41880,-1612
250107,JAPANESE YEN - CHICAGO MERCANTILE EXCHANGE,097741,26016,16670,6,9346,53082,62661,6417,-9579,24057,77219,5325,-53162,57167,3677,1394,53490,38992,39087,-95
250729,EURO FX - CHICAGO MERCANTILE EXCHANGE,099741,47984,499338,3276,-451354,481538,124153,24092,357385,110100,79238,24048,30862,32843,22155,6775,10688,97921,45502,52419
250722,EURO FX - CHICAGO MERCANTILE EXCHANGE,099741,47272,522071,3263,-474799,497068,122740,27534,374328,102310,73901,23786,28409,39618,19754,6380,19864,96216,44018,52198
250715,EURO FX - CHICAGO MERCANTILE EXCHANGE,099741,42464,515996,2533,-473532,477607,116891,26259,360716,106430,67906,23367,38524,37844,19546,6328,18298,97608,41614,55994
250708,EURO FX - CHICAGO MERCANTILE EXCHANGE,099741,41200,496248,2802,-455048,464484,114961,28372,349523,105233,76110,19186,29123,38671,19096,6532,19575,99367,42540,56827
250701,EURO FX - CHICAGO MERCANTILE EXCHANGE,099741,34128,468358,1967,-434230,461525,116188,28407,345337,91623,76402,20074,15221,38876,18331,6471,20545,95960,42833,53127
250624,EURO FX - CHICAGO MERCANTILE EXCHANGE,099741,31477,458976,2989,-427499,458163,120432,25703,337731,88638,67545,19317,21093,35105,19596,6345,15509,94870,41704,53166
250617,EURO FX - CHICAGO MERCANTILE EXCHANGE,099741,28746,453210,2847,-424464,456662,123584,25399,333078,88119,72690,15542,15429,34695,18206,6036,16489,97815,38347,59468
250610,EURO FX - CHICAGO MERCANTILE EXCHANGE,099741,32680,439359,40070,-406679,441522,121178,27855,320344,84861,72885,39975,11976,34827,18699,6238,16128,102489,44258,58231
250603,EURO FX - CHICAGO MERCANTILE EXCHANGE,099741,48503,438220,14218,-389717,444511,124440,28161,320071,74113,76024,30167,-1911,35000,18964,5986,16036,100625,45104,55521
250527,EURO FX - CHICAGO MERCANTILE EXCHANGE,099741,49826,424525,9004,-374699,441156,127173,26720,313983,76556,77460,24609,-904,31567,22374,5755,9193,95278,42851,52427
250520,EURO FX - CHICAGO MERCANTILE EXCHANGE,099741,47230,421491,6884,-374261,435558,125222,27020,310336,83874,76941,27930,6933,30934,26319,5747,4615,94072,41695,52377
250513,EURO FX - CHICAGO MERCANTILE EXCHANGE,099741,34250,423571,7384,-389321,432043,120966,25767,311077,86340,66187,33460,20153,31463,22880,5670,8583,94529,45021,49508
250506,EURO FX - CHICAGO MERCANTILE EXCHANGE,099741,33157,415185,7187,-382028,427317,120387,25043,306930,73085,67340,34987,5745,33705,19972,5492,13733,97040,41420,55620
250429,EURO FX - CHICAGO MERCANTILE EXCHANGE,099741,33550,410302,7376,-376752,421978,120302,24650,301676,79893,62578,29813,17315,30041,27994,5535,2047,97376,41662,55714
250422,EURO FX - CHICAGO MERCANTILE EXCHANGE,099741,33861,403364,7126,-369503,419532,123255,22601,296277,81269,66559,20180,14710,32835,27232,5475,5603,96353,43440,52913
250415,EURO FX - CHICAGO MERCANTILE EXCHANGE,099741,29171,393749,7809,-364578,419169,129399,21927,289770,80754,58948,18678,21806,32168,27801,5575,4367,92871,44236,48635
250408,EURO FX - CHICAGO MERCANTILE EXCHANGE,099741,31861,371975,8404,-340114,412595,129438,23057,283157,85855,52777,20622,33078,28146,34703,6568,-6557,80668,50232,30436
250401,EURO FX - CHICAGO MERCANTILE EXCHANGE,099741,24218,340593,4098,-316375,384138,127920,29441,256218,91315,58425,21892,32890,29468,33238,6125,-3770,80132,49095,31037
250325,EURO FX - CHICAGO MERCANTILE EXCHANGE,099741,22135,351464,3982,-329329,389514,125991,30984,263523,89643,63267,18990,26376,29712,25073,6172,4639,81743,46952,34791
250318,EURO FX - CHICAGO MERCANTILE EXCHANGE,099741,16659,329538,3531,-312879,380024,121536,31848,258488,87050,73191,15033,13859,29749,22152,6203,7597,82523,49588,32935
250311,EURO FX - CHICAGO MERCANTILE EXCHANGE,099741,28370,291663,27334,-263293,375109,135878,47485,239231,90093,96012,27278,-5919,27194,31970,6731,-4776,100166,65409,34757
250304,EURO FX - CHICAGO MERCANTILE EXCHANGE,099741,22785,255957,17343,-233172,366028,154304,45217,211724,94173,102395,20208,-8222,28435,28130,6309,305,83321,53956,29365
250225,EURO FX - CHICAGO MERCANTILE EXCHANGE,099741,20386,230729,14804,-210343,356354,165177,43136,191177,93762,99058,17182,-5296,28193,29796,6233,-1603,78634,52569,26065
250218,EURO FX - CHICAGO MERCANTILE EXCHANGE,099741,19976,200260,14302,-180284,346446,173913,35795,172533,89424,100651,20602,-11227,29362,35609,6420,-6247,75697,50472,25225
250211,EURO FX - CHICAGO MERCANTILE EXCHANGE,099741,16384,178074,14144,-161690,338182,177937,35597,160245,88642,109469,18144,-20827,28998,31177,6539,-2179,76243,51792,24451
250204,EURO FX - CHICAGO MERCANTILE EXCHANGE,099741,15873,177918,13020,-162045,339196,175446,35675,163750,82094,104271,21040,-22177,28881,30552,6507,-1671,74337,52194,22143
250128,EURO FX - CHICAGO MERCANTILE EXCHANGE,099741,16363,183222,12613,-166859,347583,173187,34967,174396,72532,106828,24361,-34296,28031,26281,6476,1750,75982,50973,25009
250121,EURO FX - CHICAGO MERCANTILE EXCHANGE,099741,22173,166474,9978,-144301,340273,179395,35705,160878,72504,107738,17688,-35234,28942,28476,6669,466,75560,57369,18191
250114,EURO FX - CHICAGO MERCANTILE EXCHANGE,099741,33400,164026,8472,-130626,332942,175066,34752,157876,68363,108162,18669,-39799,28075,27586,6870,489,72682,60622,12060
250107,EURO FX - CHICAGO MERCANTILE EXCHANGE,099741,29921,158813,6877,-128892,333660,182397,34554,151263,69495,111083,16162,-41588,29109,29012,6760,97,76649,57529,19120
250729,AUSTRALIAN DOLLAR - CHICAGO MERCANTILE EXCHANGE,232741,56421,2827,137,53594,42358,91839,7390,-49481,23013,34399,2865,-11386,4821,600,42,4221,22633,19581,3052
250722,AUSTRALIAN DOLLAR - CHICAGO MERCANTILE EXCHANGE,232741,60092,1902,153,58190,37995,91878,6609,-53883,25713,37898,2974,-12185,4464,500,42,3964,23352,19438,3914
250715,AUSTRALIAN DOLLAR - CHICAGO MERCANTILE EXCHANGE,232741,52164,2516,137,49648,39485,77968,6532,-38483,19728,37336,3807,-17608,4552,500,42,4052,24040,21649,2391
250708,AUSTRALIAN DOLLAR - CHICAGO MERCANTILE EXCHANGE,232741,48396,3355,137,45041,41225,79471,6590,-38246,21932,39382,3914,-17450,4986,500,42,4486,26168,19999,6169
250701,AUSTRALIAN DOLLAR - CHICAGO MERCANTILE EXCHANGE,232741,50287,938,137,49349,41206,76365,7143,-35159,17902,42190,2440,-24288,6507,500,3,6007,25713,21622,4091
250624,AUSTRALIAN DOLLAR - CHICAGO MERCANTILE EXCHANGE,232741,52870,688,266,52182,41437,78387,6801,-36950,18889,41192,2425,-22303,5484,500,40,4984,22820,20733,2087
250617,AUSTRALIAN DOLLAR - CHICAGO MERCANTILE EXCHANGE,232741,47890,8283,180,39607,43330,75400,6047,-32070,17911,33211,2774,-15300,4253,500,40,3753,25046,21036,4010
250610,AUSTRALIAN DOLLAR - CHICAGO MERCANTILE EXCHANGE,232741,86389,42993,21697,43396,39089,72549,13887,-33460,19030,41339,10652,-22309,6699,500,44,6199,26785,20611,6174
250603,AUSTRALIAN DOLLAR - CHICAGO MERCANTILE EXCHANGE,232741,81757,38456,6389,43301,39435,71431,14536,-31996,17018,36173,6818,-19155,6390,500,6945,5890,23307,21347,1960
250527,AUSTRALIAN DOLLAR - CHICAGO MERCANTILE EXCHANGE,232741,78036,36213,1195,41823,37251,68908,14629,-31657,18161,34117,2660,-15956,3843,2818,0,1025,23517,18752,4765
250520,AUSTRALIAN DOLLAR - CHICAGO MERCANTILE EXCHANGE,232741,79404,38195,196,41209,35603,70038,14678,-34435,20400,27084,2946,-6684,3845,3476,0,369,20781,21240,-459
250513,AUSTRALIAN DOLLAR - CHICAGO MERCANTILE EXCHANGE,232741,76445,44403,260,32042,38862,66357,14458,-27495,23738,30110,1667,-6372,3762,400,0,3362,21268,22805,-1537
250506,AUSTRALIAN DOLLAR - CHICAGO MERCANTILE EXCHANGE,232741,73758,48838,211,24920,45295,57240,14423,-11945,20750,36601,1107,-15851,4617,400,0,4217,22896,24237,-1341
250429,AUSTRALIAN DOLLAR - CHICAGO MERCANTILE EXCHANGE,232741,74149,52281,362,21868,47085,55470,14905,-8385,20451,38025,1016,-17574,3869,918,0,2951,22967,21827,1140
250422,AUSTRALIAN DOLLAR - CHICAGO MERCANTILE EXCHANGE,232741,72708,52889,355,19819,50444,55466,13888,-5022,21486,44131,3079,-22645,4682,986,0,3696,24156,20004,4152
250415,AUSTRALIAN DOLLAR - CHICAGO MERCANTILE EXCHANGE,232741,73286,35406,313,37880,49846,61799,13570,-11953,12595,36909,2251,-24314,4752,1481,237,3271,21897,26781,-4884
250408,AUSTRALIAN DOLLAR - CHICAGO MERCANTILE EXCHANGE,232741,76819,30029,335,46790,52915,68529,12531,-15614,17464,46905,1576,-29441,5874,704,1628,5170,25334,32239,-6905
250401,AUSTRALIAN DOLLAR - CHICAGO MERCANTILE EXCHANGE,232741,72368,7723,885,64645,44842,80279,13774,-35437,16740,49859,1283,-33119,8084,884,50,7200,24740,28029,-3289
250325,AUSTRALIAN DOLLAR - CHICAGO MERCANTILE EXCHANGE,232741,76652,7079,423,69573,46220,84352,10751,-38132,15664,46904,1042,-31240,5968,1286,50,4682,23317,28200,-4883
250318,AUSTRALIAN DOLLAR - CHICAGO MERCANTILE EXCHANGE,232741,75018,12160,524,62858,47965,84580,9402,-36615,13309,43229,1877,-29920,6344,2157,50,4187,26057,26567,-510
250311,AUSTRALIAN DOLLAR - CHICAGO MERCANTILE EXCHANGE,232741,61796,11722,61277,50074,53583,91965,6203,-38382,18600,42390,5569,-23790,19673,400,0,19273,32037,39212,-7175
250304,AUSTRALIAN DOLLAR - CHICAGO MERCANTILE EXCHANGE,232741,70486,7266,1705,63220,56080,101450,5055,-45370,16843,45216,7241,-28373,20182,863,0,19319,24680,33476,-8796
250225,AUSTRALIAN DOLLAR - CHICAGO MERCANTILE EXCHANGE,232741,66682,8075,644,58607,53834,91123,4331,-37289,17142,47694,2711,-30552,16386,400,0,15986,24241,30993,-6752
250218,AUSTRALIAN DOLLAR - CHICAGO MERCANTILE EXCHANGE,232741,69238,13291,351,55947,57810,88894,4345,-31084,15678,49025,3887,-33347,12514,400,0,12114,25863,29493,-3630
250211,AUSTRALIAN DOLLAR - CHICAGO MERCANTILE EXCHANGE,232741,78023,14027,588,63996,60547,89614,4392,-29067,11077,53572,1902,-42495,12825,400,0,12425,26941,31800,-4859
250204,AUSTRALIAN DOLLAR - CHICAGO MERCANTILE EXCHANGE,232741,92424,11428,505,80996,54124,99681,5680,-45557,13048,51597,4350,-38549,12170,868,0,11302,22568,30760,-8192
250128,AUSTRALIAN DOLLAR - CHICAGO MERCANTILE EXCHANGE,232741,90691,10129,459,80562,45578,87983,5788,-42405,9389,53670,2546,-44281,13694,400,0,13294,23866,31036,-7170
250121,AUSTRALIAN DOLLAR - CHICAGO MERCANTILE EXCHANGE,232741,88124,13032,339,75092,43528,86074,7910,-42546,10834,47493,1542,-36659,13471,855,268,12616,24195,32698,-8503
250114,AUSTRALIAN DOLLAR - CHICAGO MERCANTILE EXCHANGE,232741,88369,12420,237,75949,48166,86524,7909,-38358,9209,48248,2579,-39039,11969,855,268,11114,23314,32980,-9666
250107,AUSTRALIAN DOLLAR - CHICAGO MERCANTILE EXCHANGE,232741,88021,15302,252,72719,45198,88044,9257,-42846,15484,49272,1752,-33788,13889,400,268,13489,23643,33217,-9574
250729,EURO FX/BRITISH POUND XRATE - CHICAGO MERCANTILE EXCHANGE,299741,0,21161,3,-21161,21644,0,887,21644,2450,14276,0,-11826,0,0,0,0,14562,3219,11343
250722,EURO FX/BRITISH POUND XRATE - CHICAGO MERCANTILE EXCHANGE,299741,0,20861,2,-20861,21060,0,998,21060,2296,13819,0,-11523,0,0,0,0,14231,2907,11324
250715,EURO FX/BRITISH POUND XRATE - CHICAGO MERCANTILE EXCHANGE,299741,0,19118,0,-19118,19412,0,1199,19412,1303,12030,0,-10727,0,0,0,0,13524,3091,10433
250708,EURO FX/BRITISH POUND XRATE - CHICAGO MERCANTILE EXCHANGE,299741,0,20295,0,-20295,22317,0,1254,22317,1400,13996,0,-12596,0,0,0,0,13676,3102,10574
250701,EURO FX/BRITISH POUND XRATE - CHICAGO MERCANTILE EXCHANGE,299741,0,20022,0,-20022,20400,0,1344,20400,1430,11826,2,-10396,453,0,0,453,13071,3506,9565
250624,EURO FX/BRITISH POUND XRATE - CHICAGO MERCANTILE EXCHANGE,299741,0,19533,0,-19533,18013,0,1331,18013,0,8086,1,-8086,453,0,0,453,12370,3217,9153
250617,EURO FX/BRITISH POUND XRATE - CHICAGO MERCANTILE EXCHANGE,299741,0,18026,0,-18026,17624,3624,1301,14000,0,4600,0,-4600,453,0,0,453,12727,4554,8173
250610,EURO FX/BRITISH POUND XRATE - CHICAGO MERCANTILE EXCHANGE,299741,0,19227,73,-19227,16743,3959,1263,12784,584,2412,366,-1828,453,0,0,453,13159,5341,7818
250603,EURO FX/BRITISH POUND XRATE - CHICAGO MERCANTILE EXCHANGE,299741,0,19638,0,-19638,16680,3319,1263,13361,1020,2903,0,-1883,453,0,0,453,11871,4164,7707
250527,EURO FX/BRITISH POUND XRATE - CHICAGO MERCANTILE EXCHANGE,299741,1098,19778,0,-18680,16784,4080,1263,12704,1298,3650,898,-2352,453,0,0,453,11649,3774,7875
250520,EURO FX/BRITISH POUND XRATE - CHICAGO MERCANTILE EXCHANGE,299741,1048,19252,0,-18204,16776,3178,1263,13598,527,4545,46,-4018,453,0,0,453,12258,4087,8171
250513,EURO FX/BRITISH POUND XRATE - CHICAGO MERCANTILE EXCHANGE,299741,1124,20227,0,-19103,17736,1180,1263,16556,1052,8106,0,-7054,426,0,0,426,11894,2719,9175
250506,EURO FX/BRITISH POUND XRATE - CHICAGO MERCANTILE EXCHANGE,299741,473,20604,0,-20131,19910,529,1263,19381,1284,10973,0,-9689,426,0,0,426,12481,2468,10013
250429,EURO FX/BRITISH POUND XRATE - CHICAGO MERCANTILE EXCHANGE,299741,0,20907,0,-20907,18878,0,1277,18878,2579,11169,0,-8590,426,0,0,426,12522,2329,10193
250422,EURO FX/BRITISH POUND XRATE - CHICAGO MERCANTILE EXCHANGE,299741,0,21043,0,-21043,18910,0,1277,18910,3150,11545,0,-8395,426,0,0,426,12539,2437,10102
250415,EURO FX/BRITISH POUND XRATE - CHICAGO MERCANTILE EXCHANGE,299741,0,21165,0,-21165,19465,0,1341,19465,3023,11996,0,-8973,426,0,0,426,12720,2473,10247
250408,EURO FX/BRITISH POUND XRATE - CHICAGO MERCANTILE EXCHANGE,299741,0,18268,0,-18268,16459,3047,1386,13412,2310,6604,0,-4294,0,0,0,0,13424,4274,9150
250401,EURO FX/BRITISH POUND XRATE - CHICAGO MERCANTILE EXCHANGE,299741,0,17423,0,-17423,15901,5338,1382,10563,1870,2938,0,-1068,0,0,0,0,13240,5312,7928
250325,EURO FX/BRITISH POUND XRATE - CHICAGO MERCANTILE EXCHANGE,299741,0,18218,0,-18218,16058,4001,1380,12057,1828,4233,0,-2405,0,0,0,0,13228,4662,8566
250318,EURO FX/BRITISH POUND XRATE - CHICAGO MERCANTILE EXCHANGE,299741,0,16787,0,-16787,15601,4309,1380,11292,2113,4773,0,-2660,0,0,0,0,12806,4651,8155
250311,EURO FX/BRITISH POUND XRATE - CHICAGO MERCANTILE EXCHANGE,299741,1220,15378,833,-14158,15309,4566,977,10743,2141,7193,296,-5052,0,0,0,0,16535,8068,8467
250304,EURO FX/BRITISH POUND XRATE - CHICAGO MERCANTILE EXCHANGE,299741,1220,15264,0,-14044,15399,4596,985,10803,1843,6513,398,-4670,0,0,0,0,13651,5740,7911
250225,EURO FX/BRITISH POUND XRATE - CHICAGO MERCANTILE EXCHANGE,299741,1220,15609,0,-14389,15383,4753,985,10630,1562,6325,768,-4763,0,0,0,0,13880,5358,8522
250218,EURO FX/BRITISH POUND XRATE - CHICAGO MERCANTILE EXCHANGE,299741,1220,15597,0,-14377,15233,3645,985,11588,578,6825,823,-6247,0,0,0,0,13920,4884,9036
250211,EURO FX/BRITISH POUND XRATE - CHICAGO MERCANTILE EXCHANGE,299741,1220,15602,0,-14382,15260,3818,985,11442,1219,7373,732,-6154,0,0,0,0,13610,4516,9094
250204,EURO FX/BRITISH POUND XRATE - CHICAGO MERCANTILE EXCHANGE,299741,929,15551,0,-14622,15297,2377,985,12920,1091,7679,10,-6588,0,0,0,0,13861,5571,8290
250128,EURO FX/BRITISH POUND XRATE - CHICAGO MERCANTILE EXCHANGE,299741,929,15582,0,-14653,15068,2042,985,13026,1061,7841,10,-6780,0,0,0,0,13229,4822,8407
250121,EURO FX/BRITISH POUND XRATE - CHICAGO MERCANTILE EXCHANGE,299741,1334,15227,0,-13893,15128,3875,988,11253,1374,5931,10,-4557,0,0,0,0,12678,5481,7197
250114,EURO FX/BRITISH POUND XRATE - CHICAGO MERCANTILE EXCHANGE,299741,1334,15258,0,-13924,15219,4796,988,10423,547,3960,10,-3413,0,0,0,0,13106,6192,6914
250107,EURO FX/BRITISH POUND XRATE - CHICAGO MERCANTILE EXCHANGE,299741,856,13896,0,-13040,15307,5345,997,9962,1565,4075,10,-2510,0,0,0,0,12399,6811,5588
250729,MEXICAN PESO - CHICAGO MERCANTILE EXCHANGE,095741,10635,68172,1320,-57537,78142,34869,1334,43273,66078,59339,616,6739,9519,5419,0,4100,6339,2914,3425
250722,MEXICAN PESO - CHICAGO MERCANTILE EXCHANGE,095741,10596,64390,1416,-53794,72205,33901,2372,38304,68978,59998,1315,8980,8236,6002,0,2234,7251,2975,4276
250715,MEXICAN PESO - CHICAGO MERCANTILE EXCHANGE,095741,10610,59891,1397,-49281,76091,33066,920,43025,59612,60506,701,-894,7657,6558,0,1099,8820,2769,6051
250708,MEXICAN PESO - CHICAGO MERCANTILE EXCHANGE,095741,11182,55727,37,-44545,76519,32248,1327,44271,62032,67557,566,-5525,8256,7307,0,949,7343,2493,4850
250701,MEXICAN PESO - CHICAGO MERCANTILE EXCHANGE,095741,11053,51060,118,-40007,72247,32748,1373,39499,52633,58985,546,-6352,7451,5830,0,1621,7631,2392,5239
250624,MEXICAN PESO - CHICAGO MERCANTILE EXCHANGE,095741,11112,45282,30,-34170,71589,33603,2258,37986,46919,57642,517,-10723,7303,4865,0,2438,7127,2658,4469
250617,MEXICAN PESO - CHICAGO MERCANTILE EXCHANGE,095741,10486,47960,17,-37474,76260,38481,2976,37779,49461,57393,682,-7932,7923,5751,54,2172,7722,2267,5455
250610,MEXICAN PESO - CHICAGO MERCANTILE EXCHANGE,095741,3735,30167,13512,-26432,75794,36437,3149,39357,53467,63608,15791,-10141,5658,11626,3155,-5968,6351,3167,3184
250603,MEXICAN PESO - CHICAGO MERCANTILE EXCHANGE,095741,4928,29782,11533,-24854,71949,34698,3241,37251,47914,57746,13999,-9832,5593,10655,3400,-5062,6108,3611,2497
250527,MEXICAN PESO - CHICAGO MERCANTILE EXCHANGE,095741,5196,26144,11329,-20948,70989,37146,3829,33843,44395,53978,14712,-9583,5350,10630,376,-5280,5477,3509,1968
250520,MEXICAN PESO - CHICAGO MERCANTILE EXCHANGE,095741,4143,24645,996,-20502,67519,37330,4434,30189,45999,51641,2528,-5642,5352,10927,435,-5575,5579,4049,1530
250513,MEXICAN PESO - CHICAGO MERCANTILE EXCHANGE,095741,2607,25275,963,-22668,64756,37647,5105,27109,47009,48820,2216,-1811,4655,11120,439,-6465,7084,3249,3835
250506,MEXICAN PESO - CHICAGO MERCANTILE EXCHANGE,095741,6693,24612,303,-17919,57343,36262,6220,21081,45853,42410,2116,3443,3820,11557,263,-7737,4872,3740,1132
250429,MEXICAN PESO - CHICAGO MERCANTILE EXCHANGE,095741,8188,25173,0,-16985,53706,34219,4970,19487,49726,47328,1605,2398,5083,11941,369,-6858,5554,3596,1958
250422,MEXICAN PESO - CHICAGO MERCANTILE EXCHANGE,095741,23078,21355,9,1723,40031,36268,5262,3763,48102,48798,2725,-696,5889,11862,455,-5973,4828,3645,1183
250415,MEXICAN PESO - CHICAGO MERCANTILE EXCHANGE,095741,40294,20258,9,20036,27676,46279,7991,-18603,51574,49773,5655,1801,8439,10921,410,-2482,4390,5142,-752
250408,MEXICAN PESO - CHICAGO MERCANTILE EXCHANGE,095741,31603,20110,10,11493,42323,45351,6554,-3028,53843,56058,4901,-2215,7588,11015,0,-3427,3195,6018,-2823
250401,MEXICAN PESO - CHICAGO MERCANTILE EXCHANGE,095741,11310,20647,51,-9337,56066,42393,9942,13673,50138,44544,4879,5594,2800,11775,0,-8975,4295,5250,-955
250325,MEXICAN PESO - CHICAGO MERCANTILE EXCHANGE,095741,1037,25934,368,-24897,58652,38894,10389,19758,54016,40895,5002,13121,3619,11256,0,-7637,4376,4721,-345
250318,MEXICAN PESO - CHICAGO MERCANTILE EXCHANGE,095741,1149,28784,28,-27635,59152,35586,10594,23566,61321,50142,1914,11179,3553,11031,0,-7478,5232,4864,368
250311,MEXICAN PESO - CHICAGO MERCANTILE EXCHANGE,095741,27841,11057,13912,16784,56216,41174,9439,15042,44768,59851,6653,-15083,2394,19344,17,-16950,5324,5117,207
250304,MEXICAN PESO - CHICAGO MERCANTILE EXCHANGE,095741,32933,2800,375,30133,52398,45190,9605,7208,41249,57934,3768,-16685,1207,19712,0,-18505,3500,5651,-2151
250225,MEXICAN PESO - CHICAGO MERCANTILE EXCHANGE,095741,30506,13945,0,16561,55226,45127,9279,10099,48446,54057,2443,-5611,1245,19771,19,-18526,3415,5938,-2523
250218,MEXICAN PESO - CHICAGO MERCANTILE EXCHANGE,095741,27282,8470,150,18812,51530,40645,9324,10885,53269,61555,3206,-8286,1197,20759,26,-19562,3749,5598,-1849
250211,MEXICAN PESO - CHICAGO MERCANTILE EXCHANGE,095741,29189,8677,250,20512,52110,39143,9885,12967,43975,56284,3258,-12309,1688,20278,44,-18590,3229,5809,-2580
250204,MEXICAN PESO - CHICAGO MERCANTILE EXCHANGE,095741,29565,5662,175,23903,47258,35250,9828,12008,51873,65188,2315,-13315,1308,21160,26,-19852,3020,5764,-2744
250128,MEXICAN PESO - CHICAGO MERCANTILE EXCHANGE,095741,31339,6066,22,25273,47904,37725,9814,10179,40548,56179,3311,-15631,1485,19105,44,-17620,3854,6055,-2201
250121,MEXICAN PESO - CHICAGO MERCANTILE EXCHANGE,095741,34698,2403,20,32295,44866,41200,9459,3666,43823,60535,4062,-16712,910,19280,0,-18370,3886,4765,-879
250114,MEXICAN PESO - CHICAGO MERCANTILE EXCHANGE,095741,29847,2603,19,27244,43847,42184,9197,1663,50396,59571,3910,-9175,1821,19321,0,-17500,3823,6055,-2232
250107,MEXICAN PESO - CHICAGO MERCANTILE EXCHANGE,095741,21023,2988,23,18035,47114,40169,8938,6945,52827,58902,3683,-6075,1805,18864,0,-17059,3738,5584,-1846
250729,BRAZILIAN REAL - CHICAGO MERCANTILE EXCHANGE,102741,3134,44494,568,-41360,57715,579,428,57136,18574,15404,23896,3170,3303,25305,2271,-22002,4208,1152,3056
250722,BRAZILIAN REAL - CHICAGO MERCANTILE EXCHANGE,102741,3069,45400,43,-42331,62790,590,428,62200,18255,19083,835,-828,3369,25941,57,-22572,4575,1044,3531
250715,BRAZILIAN REAL - CHICAGO MERCANTILE EXCHANGE,102741,1687,45040,42,-43353,67790,753,292,67037,17026,24673,436,-7647,3069,23002,57,-19933,4761,865,3896
250708,BRAZILIAN REAL - CHICAGO MERCANTILE EXCHANGE,102741,4122,31597,465,-27475,70018,939,162,69079,17856,17731,339,125,2658,48588,3,-45930,5226,1025,4201
250701,BRAZILIAN REAL - CHICAGO MERCANTILE EXCHANGE,102741,6818,26784,11821,-19966,66158,938,162,65220,25300,23095,968,2205,6403,54854,272,-48451,6605,5613,992
250624,BRAZILIAN REAL - CHICAGO MERCANTILE EXCHANGE,102741,4461,29379,17927,-24918,58879,718,2,58161,23077,22888,9636,189,12749,49633,1044,-36884,4804,1352,3452
250617,BRAZILIAN REAL - CHICAGO MERCANTILE EXCHANGE,102741,7577,28477,212,-20900,52226,718,2,51508,32014,23680,739,8334,13131,55871,0,-42740,4901,1103,3798
250610,BRAZILIAN REAL - CHICAGO MERCANTILE EXCHANGE,102741,5168,28489,178,-23321,52163,862,12,51301,20248,23019,651,-2771,12158,40938,27,-28780,4511,940,3571
250603,BRAZILIAN REAL - CHICAGO MERCANTILE EXCHANGE,102741,2348,31521,15,-29173,52843,865,28,51978,17159,23484,27,-6325,8992,28598,21,-19606,4014,888,3126
250527,BRAZILIAN REAL - CHICAGO MERCANTILE EXCHANGE,102741,4223,44749,8655,-40526,56227,2051,28,54176,21692,10682,21353,11010,9109,37266,335,-28157,4725,1228,3497
250520,BRAZILIAN REAL - CHICAGO MERCANTILE EXCHANGE,102741,4759,47957,19,-43198,60109,1578,179,58531,12872,16289,0,-3417,2527,24321,7,-21794,11113,1235,9878
250513,BRAZILIAN REAL - CHICAGO MERCANTILE EXCHANGE,102741,6532,45908,28,-39376,64300,1095,179,63205,18813,9913,312,8900,2297,38579,7,-36282,4729,1176,3553
250506,BRAZILIAN REAL - CHICAGO MERCANTILE EXCHANGE,102741,2120,47624,31,-45504,68554,1213,179,67341,11971,23260,0,-11289,2388,15902,55,-13514,3952,986,2966
250429,BRAZILIAN REAL - CHICAGO MERCANTILE EXCHANGE,102741,11728,64472,15415,-52744,59671,1194,254,58477,22382,13631,22,8751,11794,28514,36,-16720,3636,1400,2236
250422,BRAZILIAN REAL - CHICAGO MERCANTILE EXCHANGE,102741,8285,64041,540,-55756,48064,1182,228,46882,18971,14654,28,4317,9221,6459,166,2762,3743,1948,1795
250415,BRAZILIAN REAL - CHICAGO MERCANTILE EXCHANGE,102741,3516,65661,6,-62145,61005,1182,228,59823,15880,14771,166,1109,2621,2765,24,-144,3301,1944,1357
250408,BRAZILIAN REAL - CHICAGO MERCANTILE EXCHANGE,102741,3014,69286,22,-66272,75382,687,254,74695,6539,15473,105,-8934,5082,5929,0,-847,3599,2241,1358
250401,BRAZILIAN REAL - CHICAGO MERCANTILE EXCHANGE,102741,5247,68390,12887,-63143,81029,7114,254,73915,12115,22081,6019,-9966,2187,7008,2949,-4821,5617,1602,4015
250325,BRAZILIAN REAL - CHICAGO MERCANTILE EXCHANGE,102741,2908,67610,1415,-64702,79711,7265,290,72446,11885,21140,2785,-9255,3398,4091,3131,-693,3556,1352,2204
250318,BRAZILIAN REAL - CHICAGO MERCANTILE EXCHANGE,102741,3105,65387,3646,-62282,66103,8314,264,57789,11869,14471,1152,-2602,9569,4824,120,4745,3721,1371,2350
250311,BRAZILIAN REAL - CHICAGO MERCANTILE EXCHANGE,102741,2883,69531,0,-66648,79747,10621,264,69126,13607,15299,423,-1692,2066,4769,187,-2703,3582,1665,1917
250304,BRAZILIAN REAL - CHICAGO MERCANTILE EXCHANGE,102741,2865,67900,13,-65035,88319,9985,233,78334,9185,20355,53,-11170,2413,5189,0,-2776,2899,2252,647
250225,BRAZILIAN REAL - CHICAGO MERCANTILE EXCHANGE,102741,2129,37027,52893,-34898,72279,8944,6494,63335,12105,32458,403,-20353,2169,11837,0,-9668,3952,2368,1584
250218,BRAZILIAN REAL - CHICAGO MERCANTILE EXCHANGE,102741,2023,32135,0,-30112,59300,11410,4461,47890,12787,25225,426,-12438,2914,9530,0,-6616,3444,2168,1276
250211,BRAZILIAN REAL - CHICAGO MERCANTILE EXCHANGE,102741,2306,23349,0,-21043,49998,13286,4434,36712,8770,20568,215,-11798,2782,7010,0,-4228,2795,2438,357
250204,BRAZILIAN REAL - CHICAGO MERCANTILE EXCHANGE,102741,1839,18419,257,-16580,43216,14143,219,29073,6776,16339,335,-9563,3121,6532,0,-3411,3007,2526,481
250128,BRAZILIAN REAL - CHICAGO MERCANTILE EXCHANGE,102741,34134,15639,3158,18495,28513,16863,219,11650,6624,26235,1047,-19611,3588,14209,103,-10621,2529,2442,87
250121,BRAZILIAN REAL - CHICAGO MERCANTILE EXCHANGE,102741,34713,6990,0,27723,27376,35343,202,-7967,5795,20087,572,-14292,4452,8755,0,-4303,2046,3207,-1161
250114,BRAZILIAN REAL - CHICAGO MERCANTILE EXCHANGE,102741,36003,2788,2151,33215,27078,44512,202,-17434,3734,19225,572,-15491,4463,3560,0,903,2111,3304,-1193
250107,BRAZILIAN REAL - CHICAGO MERCANTILE EXCHANGE,102741,37701,2788,18,34913,25836,50700,202,-24864,3913,14633,18,-10720,5062,3501,0,1561,2357,3247,-890
250729,NZ DOLLAR - CHICAGO MERCANTILE EXCHANGE,112741,10215,9104,0,1111,15054,11151,8000,3903,7542,13792,409,-6250,660,352,15,308,4692,3764,928
250722,NZ DOLLAR - CHICAGO MERCANTILE EXCHANGE,112741,10402,7823,0,2579,14589,9555,7934,5034,5952,13280,367,-7328,565,721,15,-156,4276,4405,-129
250715,NZ DOLLAR - CHICAGO MERCANTILE EXCHANGE,112741,5958,8781,0,-2823,18260,10068,5621,8192,5697,12441,624,-6744,1354,347,16,1007,4429,4061,368
250708,NZ DOLLAR - CHICAGO MERCANTILE EXCHANGE,112741,4672,9267,0,-4595,19974,10745,5096,9229,4986,13640,559,-8654,2315,313,16,2002,5419,3401,2018
250701,NZ DOLLAR - CHICAGO MERCANTILE EXCHANGE,112741,5301,8314,0,-3013,19905,11390,4863,8515,4906,13330,503,-8424,1902,594,16,1308,4907,3293,1614
250624,NZ DOLLAR - CHICAGO MERCANTILE EXCHANGE,112741,6783,9283,0,-2500,24231,12036,4611,12195,2403,14384,175,-11981,1643,464,16,1179,4355,3248,1107
250617,NZ DOLLAR - CHICAGO MERCANTILE EXCHANGE,112741,14978,11098,0,3880,17819,11946,4808,5873,3796,16056,219,-12260,1876,502,64,1374,4273,3140,1133
250610,NZ DOLLAR - CHICAGO MERCANTILE EXCHANGE,112741,36330,12934,12794,23396,9642,26804,208,-17162,7691,14851,6240,-7160,1261,787,139,474,4562,4110,452
250603,NZ DOLLAR - CHICAGO MERCANTILE EXCHANGE,112741,36075,10375,6002,25700,10016,28423,220,-18407,7410,15644,2193,-8234,1327,459,263,868,4419,4346,73
250527,NZ DOLLAR - CHICAGO MERCANTILE EXCHANGE,112741,35792,9819,0,25973,10677,29723,200,-19046,6918,13917,644,-6999,542,488,263,54,4226,4208,18
250520,NZ DOLLAR - CHICAGO MERCANTILE EXCHANGE,112741,37116,9071,0,28045,10385,30273,222,-19888,7911,15778,751,-7867,904,586,141,318,3626,4234,-608
250513,NZ DOLLAR - CHICAGO MERCANTILE EXCHANGE,112741,34682,11184,0,23498,10720,30877,34,-20157,9774,13306,686,-3532,280,585,278,-305,4303,3807,496
250506,NZ DOLLAR - CHICAGO MERCANTILE EXCHANGE,112741,33791,11893,0,21898,12382,29388,34,-17006,7996,13444,405,-5448,1090,839,278,251,4533,4228,305
250429,NZ DOLLAR - CHICAGO MERCANTILE EXCHANGE,112741,33952,11249,0,22703,13512,29792,213,-16280,9431,16618,366,-7187,1122,579,278,543,4201,3980,221
250422,NZ DOLLAR - CHICAGO MERCANTILE EXCHANGE,112741,37743,10430,0,27313,10345,31037,243,-20692,8684,14983,478,-6299,1010,778,238,232,3948,4502,-554
250415,NZ DOLLAR - CHICAGO MERCANTILE EXCHANGE,112741,41553,9198,0,32355,12238,33729,449,-21491,7524,16984,523,-9460,840,799,222,41,3353,4798,-1445
250408,NZ DOLLAR - CHICAGO MERCANTILE EXCHANGE,112741,47939,7088,0,40851,10870,39734,616,-28864,8056,17994,482,-9938,1080,989,119,91,2947,5087,-2140
250401,NZ DOLLAR - CHICAGO MERCANTILE EXCHANGE,112741,54277,4617,29,49660,12291,51119,140,-38828,9101,19137,163,-10036,2168,1119,15,1049,3613,5458,-1845
250325,NZ DOLLAR - CHICAGO MERCANTILE EXCHANGE,112741,53425,4725,0,48700,11519,50889,177,-39370,11659,19996,457,-8337,936,631,15,305,4082,5380,-1298
250318,NZ DOLLAR - CHICAGO MERCANTILE EXCHANGE,112741,50025,5940,0,44085,12918,49828,222,-36910,15555,20502,837,-4947,1177,1958,15,-781,3794,5241,-1447
250311,NZ DOLLAR - CHICAGO MERCANTILE EXCHANGE,112741,57878,1688,20331,56190,12730,61287,336,-48557,13034,22944,3812,-9910,5935,1263,18,4672,3553,5948,-2395
250304,NZ DOLLAR - CHICAGO MERCANTILE EXCHANGE,112741,60056,2062,469,57994,12487,64015,172,-51528,15333,24252,1377,-8919,6242,944,15,5298,3282,6127,-2845
250225,NZ DOLLAR - CHICAGO MERCANTILE EXCHANGE,112741,54654,1764,243,52890,13640,56153,142,-42513,9742,24477,1441,-14735,6487,794,15,5693,3958,5293,-1335
250218,NZ DOLLAR - CHICAGO MERCANTILE EXCHANGE,112741,56150,1902,148,54248,12527,56326,78,-43799,9359,23219,1374,-13860,5997,917,15,5080,3718,5387,-1669
250211,NZ DOLLAR - CHICAGO MERCANTILE EXCHANGE,112741,54884,2713,148,52171,13334,56649,151,-43315,7589,18965,877,-11376,6017,1435,15,4582,4103,6165,-2062
250204,NZ DOLLAR - CHICAGO MERCANTILE EXCHANGE,112741,55434,2686,49,52748,14061,50419,167,-36358,5628,22054,854,-16426,4331,1710,15,2621,3459,6044,-2585
250128,NZ DOLLAR - CHICAGO MERCANTILE EXCHANGE,112741,58569,3405,49,55164,12358,49074,142,-36716,5309,23244,1031,-17935,3295,1188,15,2107,3201,5821,-2620
250121,NZ DOLLAR - CHICAGO MERCANTILE EXCHANGE,112741,61158,2772,47,58386,13484,53527,153,-40043,8488,22229,960,-13741,2745,4729,14,-1984,3551,6169,-2618
250114,NZ DOLLAR - CHICAGO MERCANTILE EXCHANGE,112741,62179,2542,43,59637,12140,52919,207,-40779,10519,24626,940,-14107,2379,4575,14,-2196,3632,6187,-2555
250107,NZ DOLLAR - CHICAGO MERCANTILE EXCHANGE,112741,60162,1046,41,59116,12299,52742,212,-40443,12991,26538,1216,-13547,1914,4571,14,-2657,3278,5747,-2469
250729,SO AFRICAN RAND - CHICAGO MERCANTILE EXCHANGE,122741,1699,11655,0,-9956,8692,7431,0,1261,10992,1326,709,9666,118,2257,0,-2139,2027,859,1168
250722,SO AFRICAN RAND - CHICAGO MERCANTILE EXCHANGE,122741,1058,11975,23,-10917,8940,5960,0,2980,9574,1731,585,7843,264,1566,0,-1302,2233,837,1396
250715,SO AFRICAN RAND - CHICAGO MERCANTILE EXCHANGE,122741,335,12089,25,-11754,9673,5348,0,4325,9510,1299,585,8211,264,2109,0,-1845,1939,876,1063
250708,SO AFRICAN RAND - CHICAGO MERCANTILE EXCHANGE,122741,221,12338,24,-12117,10159,5037,0,5122,8478,1185,585,7293,398,2164,0,-1766,2204,736,1468
250701,SO AFRICAN RAND - CHICAGO MERCANTILE EXCHANGE,122741,365,12187,24,-11822,9784,3710,0,6074,7053,1144,491,5909,278,1778,0,-1500,2054,715,1339
250624,SO AFRICAN RAND - CHICAGO MERCANTILE EXCHANGE,122741,592,11563,0,-10971,10117,3652,0,6465,6567,1115,491,5452,0,1728,0,-1728,1811,1029,782
250617,SO AFRICAN RAND - CHICAGO MERCANTILE EXCHANGE,122741,100,12271,13,-12171,12602,4563,0,8039,5738,933,491,4805,339,1988,0,-1649,1810,834,976
250610,SO AFRICAN RAND - CHICAGO MERCANTILE EXCHANGE,122741,2245,13454,432,-11209,12644,3069,0,9575,5273,3679,2767,1594,339,1879,0,-1540,2448,868,1580
250603,SO AFRICAN RAND - CHICAGO MERCANTILE EXCHANGE,122741,2269,13343,55,-11074,14140,2780,0,11360,5289,4470,475,819,262,2179,0,-1917,2055,1243,812
250527,SO AFRICAN RAND - CHICAGO MERCANTILE EXCHANGE,122741,2451,13205,0,-10754,15183,3449,0,11734,5142,4809,472,333,262,2314,0,-2052,1941,1202,739
250520,SO AFRICAN RAND - CHICAGO MERCANTILE EXCHANGE,122741,2555,12791,0,-10236,14602,2540,0,12062,5247,5643,395,-396,262,2251,0,-1989,1884,1325,559
250513,SO AFRICAN RAND - CHICAGO MERCANTILE EXCHANGE,122741,3140,12907,0,-9767,15812,3411,0,12401,5997,6383,395,-386,0,2338,0,-2338,1261,1171,90
250506,SO AFRICAN RAND - CHICAGO MERCANTILE EXCHANGE,122741,5582,11856,0,-6274,7452,1974,0,5478,7908,4869,395,3039,0,2299,0,-2299,1461,1405,56
250429,SO AFRICAN RAND - CHICAGO MERCANTILE EXCHANGE,122741,7078,11415,0,-4337,1758,5085,0,-3327,12621,1647,399,10974,0,2555,0,-2555,1002,1757,-755
250422,SO AFRICAN RAND - CHICAGO MERCANTILE EXCHANGE,122741,6560,11567,4,-5007,1669,4969,0,-3300,14029,3052,339,10977,0,2205,0,-2205,1045,1510,-465
250415,SO AFRICAN RAND - CHICAGO MERCANTILE EXCHANGE,122741,6341,11195,9,-4854,1363,5520,0,-4157,14443,2847,339,11596,0,1991,0,-1991,1048,1642,-594
250408,SO AFRICAN RAND - CHICAGO MERCANTILE EXCHANGE,122741,4842,11409,0,-6567,2230,6308,0,-4078,14185,1805,424,12380,812,1886,0,-1074,1103,1764,-661
250401,SO AFRICAN RAND - CHICAGO MERCANTILE EXCHANGE,122741,953,13372,0,-12419,12788,5422,293,7366,7511,1499,420,6012,120,1607,0,-1487,1558,1030,528
250325,SO AFRICAN RAND - CHICAGO MERCANTILE EXCHANGE,122741,653,13152,0,-12499,11976,5256,377,6720,7890,973,357,6917,0,1798,0,-1798,1961,1301,660
250318,SO AFRICAN RAND - CHICAGO MERCANTILE EXCHANGE,122741,428,13126,0,-12698,10623,2521,393,8102,7099,1068,353,6031,0,1663,0,-1663,1943,1715,228
250311,SO AFRICAN RAND - CHICAGO MERCANTILE EXCHANGE,122741,882,901,14656,-19,16308,2505,445,13803,4127,15947,2228,-11820,100,1685,0,-1585,1552,1931,-379
250304,SO AFRICAN RAND - CHICAGO MERCANTILE EXCHANGE,122741,1192,1047,498,145,18379,4256,431,14123,3487,16279,481,-12792,130,1543,0,-1413,1510,1573,-63
250225,SO AFRICAN RAND - CHICAGO MERCANTILE EXCHANGE,122741,1367,1452,521,-85,21112,1449,448,19663,3678,22445,369,-18767,0,668,0,-668,1567,1710,-143
250218,SO AFRICAN RAND - CHICAGO MERCANTILE EXCHANGE,122741,1440,1203,387,237,20571,4992,434,15579,3095,18418,3869,-15323,0,568,0,-568,1742,1667,75
250211,SO AFRICAN RAND - CHICAGO MERCANTILE EXCHANGE,122741,1528,1306,40,222,17907,2410,508,15497,2567,18189,3869,-15622,0,745,0,-745,2106,1458,648
250204,SO AFRICAN RAND - CHICAGO MERCANTILE EXCHANGE,122741,3809,413,143,3396,9089,2334,688,6755,3595,14331,3958,-10736,0,325,0,-325,1885,975,910
250128,SO AFRICAN RAND - CHICAGO MERCANTILE EXCHANGE,122741,3680,309,247,3371,9343,3054,744,6289,3728,14124,3835,-10396,310,378,0,-68,1882,1078,804
250121,SO AFRICAN RAND - CHICAGO MERCANTILE EXCHANGE,122741,4809,386,332,4423,6106,4669,803,1437,6936,13619,2327,-6683,0,451,0,-451,1919,645,1274
250114,SO AFRICAN RAND - CHICAGO MERCANTILE EXCHANGE,122741,2882,458,332,2424,6819,3793,743,3026,8520,14676,917,-6156,0,562,0,-562,2324,1056,1268
250107,SO AFRICAN RAND - CHICAGO MERCANTILE EXCHANGE,122741,2200,440,332,1760,6964,2850,544,4114,9074,15581,762,-6507,151,835,0,-684,2366,1049,1317
250729,DJIA Consolidated - CHICAGO BOARD OF TRADE,12460+,37675,38475,1186,-800,15856,11355,900,4501,12055,14704,6632,-2649,29,2432,346,-2403,12057,10706,1351
250722,DJIA Consolidated - CHICAGO BOARD OF TRADE,12460+,35195,41922,860,-6727,17412,11052,761,6360,12500,11794,6546,706,0,1910,0,-1910,12927,11355,1572
250715,DJIA Consolidated - CHICAGO BOARD OF TRADE,12460+,35129,44471,674,-9342,17178,8168,927,9010,11194,10928,4892,266,269,1721,0,-1452,13217,11699,1518
250708,DJIA Consolidated - CHICAGO BOARD OF TRADE,12460+,34740,44918,705,-10178,19704,8935,1094,10769,10955,12824,4745,-1869,0,1920,0,-1920,13195,9997,3198
250701,DJIA Consolidated - CHICAGO BOARD OF TRADE,12460+,35524,45584,497,-10060,21911,8409,1006,13502,11312,13529,4783,-2217,0,1745,0,-1745,11812,11292,520
250624,DJIA Consolidated - CHICAGO BOARD OF TRADE,12460+,35782,40353,581,-4571,18669,9471,1272,9198,10585,14147,4501,-3562,0,848,0,-848,10879,11096,-217
250617,DJIA Consolidated - CHICAGO BOARD OF TRADE,12460+,30212,39921,13766,-9709,18269,8596,1824,9673,15584,13430,10630,2154,0,1144,484,-1144,12575,13549,-974
250610,DJIA Consolidated - CHICAGO BOARD OF TRADE,12460+,32185,39820,1503,-7635,18436,9046,546,9390,14852,14845,8216,7,0,1470,0,-1470,12473,12766,-293
250603,DJIA Consolidated - CHICAGO BOARD OF TRADE,12460+,31819,38723,1149,-6904,16644,8403,497,8241,14142,13578,8319,564,0,1741,1,-1741,12891,13051,-160
250527,DJIA Consolidated - CHICAGO BOARD OF TRADE,12460+,32082,34233,875,-2151,16655,8613,434,8042,12793,14035,7223,-1242,0,1455,0,-1455,10326,13520,-3194
250520,DJIA Consolidated - CHICAGO BOARD OF TRADE,12460+,34451,31605,1010,2846,16468,9894,344,6574,10816,15267,7076,-4451,0,541,0,-541,8830,13258,-4428
250513,DJIA Consolidated - CHICAGO BOARD OF TRADE,12460+,36052,33281,1030,2771,14751,8867,348,5884,9162,13530,6570,-4368,0,1473,0,-1473,9602,12416,-2814
250506,DJIA Consolidated - CHICAGO BOARD OF TRADE,12460+,33899,34833,975,-934,16805,9644,350,7161,8493,11464,6704,-2971,0,966,0,-966,8949,11239,-2290
250429,DJIA Consolidated - CHICAGO BOARD OF TRADE,12460+,33553,37478,843,-3925,18757,9601,352,9156,9596,10534,6859,-938,0,1381,0,-1381,8381,11293,-2912
250422,DJIA Consolidated - CHICAGO BOARD OF TRADE,12460+,33228,36880,939,-3652,17222,10106,363,7116,9112,9073,8302,39,210,2609,0,-2399,9616,10720,-1104
250415,DJIA Consolidated - CHICAGO BOARD OF TRADE,12460+,33938,32286,696,1652,14483,10137,227,4346,9330,11195,7241,-1865,0,646,0,-646,8016,11503,-3487
250408,DJIA Consolidated - CHICAGO BOARD OF TRADE,12460+,32343,31113,687,1230,12054,14300,726,-2246,11628,9125,6696,2503,452,200,41,252,9211,10950,-1739
250401,DJIA Consolidated - CHICAGO BOARD OF TRADE,12460+,32376,31501,706,875,14517,13757,496,760,8150,8069,6790,81,802,1497,0,-695,10660,11681,-1021
250325,DJIA Consolidated - CHICAGO BOARD OF TRADE,12460+,30984,31586,752,-602,15816,14037,458,1779,7699,9365,6163,-1666,575,1646,0,-1071,11996,10436,1560
250318,DJIA Consolidated - CHICAGO BOARD OF TRADE,12460+,29455,34040,7452,-4585,10425,14081,1105,-3656,17073,8616,13042,8457,525,2334,1324,-1809,14197,12603,1594
250311,DJIA Consolidated - CHICAGO BOARD OF TRADE,12460+,29510,32646,1085,-3136,11116,15591,891,-4475,16440,10358,2638,6082,546,2281,0,-1735,15081,11817,3264
250304,DJIA Consolidated - CHICAGO BOARD OF TRADE,12460+,30610,29205,1054,1405,10855,11715,1373,-860,14249,14509,3149,-260,897,3663,12,-2766,15447,12967,2480
250225,DJIA Consolidated - CHICAGO BOARD OF TRADE,12460+,31469,29896,1030,1573,11503,12017,1844,-514,13920,14550,3975,-630,1903,4971,4,-3068,16017,13377,2640
250218,DJIA Consolidated - CHICAGO BOARD OF TRADE,12460+,34144,37669,855,-3525,14047,11842,1063,2205,12879,14306,3686,-1427,580,1486,0,-906,15069,11415,3654
250211,DJIA Consolidated - CHICAGO BOARD OF TRADE,12460+,33702,41914,785,-8212,13645,10700,1621,2945,13027,10161,3131,2866,522,2514,0,-1992,14949,10556,4393
250204,DJIA Consolidated - CHICAGO BOARD OF TRADE,12460+,34736,41592,705,-6856,14607,11701,1450,2906,13128,10132,2630,2996,250,3658,0,-3408,14969,10607,4362
250128,DJIA Consolidated - CHICAGO BOARD OF TRADE,12460+,34381,41956,698,-7575,17151,12231,668,4920,15897,11562,2101,4335,25,3203,44,-3178,14655,13157,1498
250121,DJIA Consolidated - CHICAGO BOARD OF TRADE,12460+,33672,44258,877,-10586,14249,11244,1144,3005,15674,9958,1758,5716,0,1372,0,-1372,14317,11080,3237
250114,DJIA Consolidated - CHICAGO BOARD OF TRADE,12460+,33733,42879,764,-9146,10423,13752,1650,-3329,17591,10051,1850,7540,0,579,0,-579,15757,10243,5514
250107,DJIA Consolidated - CHICAGO BOARD OF TRADE,12460+,33049,48249,861,-15200,13175,11982,1443,1193,17504,11695,953,5809,1047,567,62,480,17273,9555,7718
250729,DJIA x $5 - CHICAGO BOARD OF TRADE,124603,37675,38475,1186,-800,15856,11355,900,4501,12055,14704,6632,-2649,29,2432,346,-2403,12057,10706,1351
250722,DJIA x $5 - CHICAGO BOARD OF TRADE,124603,35036,41346,681,-6310,17412,11026,761,6386,12153,12112,6069,41,0,1775,0,-1775,12266,10608,1658
250715,DJIA x $5 - CHICAGO BOARD OF TRADE,124603,35129,44471,674,-9342,17178,8168,927,9010,11194,10928,4892,266,269,1721,0,-1452,13217,11699,1518
250708,DJIA x $5 - CHICAGO BOARD OF TRADE,124603,34740,44918,705,-10178,19704,8935,1094,10769,10955,12824,4745,-1869,0,1920,0,-1920,13195,9997,3198
250701,DJIA x $5 - CHICAGO BOARD OF TRADE,124603,35524,45584,497,-10060,21911,8409,1006,13502,11312,13529,4783,-2217,0,1745,0,-1745,11812,11292,520
250624,DJIA x $5 - CHICAGO BOARD OF TRADE,124603,35782,40353,581,-4571,18669,9471,1272,9198,10585,14147,4501,-3562,0,848,0,-848,10879,11096,-217
250617,DJIA x $5 - CHICAGO BOARD OF TRADE,124603,30212,39568,13535,-9356,18269,8568,1824,9701,15946,13330,9648,2616,0,1055,423,-1055,10945,12851,-1906
250610,DJIA x $5 - CHICAGO BOARD OF TRADE,124603,32389,40033,1061,-7644,18436,9023,546,9413,15344,14516,7368,828,0,1173,0,-1173,10599,12023,-1424
250603,DJIA x $5 - CHICAGO BOARD OF TRADE,124603,31697,38751,915,-7054,16644,8403,497,8241,14833,13177,7294,1656,0,1443,0,-1443,10908,12308,-1400
250527,DJIA x $5 - CHICAGO BOARD OF TRADE,124603,32082,34233,875,-2151,16655,8613,434,8042,12793,14035,7223,-1242,0,1455,0,-1455,10326,13520,-3194
250520,DJIA x $5 - CHICAGO BOARD OF TRADE,124603,34451,31605,1010,2846,16468,9894,344,6574,10816,15267,7076,-4451,0,541,0,-541,8830,13258,-4428
250513,DJIA x $5 - CHICAGO BOARD OF TRADE,124603,36052,33281,1030,2771,14751,8867,348,5884,9162,13530,6570,-4368,0,1473,0,-1473,9602,12416,-2814
250506,DJIA x $5 - CHICAGO BOARD OF TRADE,124603,33899,34833,975,-934,16805,9644,350,7161,8493,11464,6704,-2971,0,966,0,-966,8949,11239,-2290
250429,DJIA x $5 - CHICAGO BOARD OF TRADE,124603,33553,37478,843,-3925,18757,9601,352,9156,9596,10534,6859,-938,0,1381,0,-1381,8381,11293,-2912
250422,DJIA x $5 - CHICAGO BOARD OF TRADE,124603,33228,36880,939,-3652,17222,10106,363,7116,9112,9073,8302,39,210,2609,0,-2399,9616,10720,-1104
250415,DJIA x $5 - CHICAGO BOARD OF TRADE,124603,33938,32286,696,1652,14483,10137,227,4346,9330,11195,7241,-1865,0,646,0,-646,8016,11503,-3487
250408,DJIA x $5 - CHICAGO BOARD OF TRADE,124603,32343,31113,687,1230,12054,14300,726,-2246,11628,9125,6696,2503,452,200,41,252,9211,10950,-1739
250401,DJIA x $5 - CHICAGO BOARD OF TRADE,124603,32376,31501,706,875,14517,13757,496,760,8150,8069,6790,81,802,1497,0,-695,10660,11681,-1021
250325,DJIA x $5 - CHICAGO BOARD OF TRADE,124603,30984,31586,752,-602,15816,14037,458,1779,7699,9365,6163,-1666,575,1646,0,-1071,11996,10436,1560
250318,DJIA x $5 - CHICAGO BOARD OF TRADE,124603,29286,34306,7159,-5020,10398,14053,1105,-3655,17264,7857,12023,9407,525,2059,1324,-1534,12857,12055,802
250311,DJIA x $5 - CHICAGO BOARD OF TRADE,124603,29368,32912,819,-3544,11089,15563,891,-4474,16921,9803,1577,7118,525,2037,0,-1512,13653,11241,2412
250304,DJIA x $5 - CHICAGO BOARD OF TRADE,124603,30490,29471,778,1019,10833,11688,1373,-855,14768,13687,2205,1081,897,3551,12,-2654,13813,12404,1409
250225,DJIA x $5 - CHICAGO BOARD OF TRADE,124603,31408,30152,774,1256,11503,11990,1844,-487,14165,13914,3194,251,1873,4807,4,-2934,14548,12634,1914
250218,DJIA x $5 - CHICAGO BOARD OF TRADE,124603,33953,37669,855,-3716,14047,11815,1063,2232,12745,14080,3028,-1335,550,1285,0,-735,14186,10632,3554
250211,DJIA x $5 - CHICAGO BOARD OF TRADE,124603,33702,41914,785,-8212,13645,10700,1621,2945,13027,10161,3131,2866,522,2514,0,-1992,14949,10556,4393
250204,DJIA x $5 - CHICAGO BOARD OF TRADE,124603,34736,41592,705,-6856,14607,11701,1450,2906,13128,10132,2630,2996,250,3658,0,-3408,14969,10607,4362
250128,DJIA x $5 - CHICAGO BOARD OF TRADE,124603,34184,41934,698,-7750,17151,12204,668,4947,15370,11483,1956,3887,0,3119,44,-3119,14096,12061,2035
250121,DJIA x $5 - CHICAGO BOARD OF TRADE,124603,33672,44258,877,-10586,14249,11244,1144,3005,15674,9958,1758,5716,0,1372,0,-1372,14317,11080,3237
250114,DJIA x $5 - CHICAGO BOARD OF TRADE,124603,33733,42879,764,-9146,10423,13752,1650,-3329,17591,10051,1850,7540,0,579,0,-579,15757,10243,5514
250107,DJIA x $5 - CHICAGO BOARD OF TRADE,124603,33049,48249,861,-15200,13175,11982,1443,1193,17504,11695,953,5809,1047,567,62,480,17273,9555,7718
250729,DOW JONES U.S. REAL ESTATE IDX - CHICAGO BOARD OF TRADE,124606,21153,36898,185,-15745,27402,10486,1969,16916,2923,5772,0,-2849,0,1257,0,-1257,3699,764,2935
250722,DOW JONES U.S. REAL ESTATE IDX - CHICAGO BOARD OF TRADE,124606,20499,37861,11,-17362,28163,10852,1945,17311,3374,4884,0,-1510,0,1257,0,-1257,3537,719,2818
250715,DOW JONES U.S. REAL ESTATE IDX - CHICAGO BOARD OF TRADE,124606,17764,36869,11,-19105,27990,10400,2100,17590,3660,4491,0,-831,0,0,0,0,3156,810,2346
250708,DOW JONES U.S. REAL ESTATE IDX - CHICAGO BOARD OF TRADE,124606,11834,34387,11,-22553,30881,10430,2151,20451,3878,4431,0,-553,286,0,0,286,3306,937,2369
250701,DOW JONES U.S. REAL ESTATE IDX - CHICAGO BOARD OF TRADE,124606,9017,33618,0,-24601,35763,9382,2326,26381,3877,5082,0,-1205,536,0,0,536,2718,3829,-1111
250624,DOW JONES U.S. REAL ESTATE IDX - CHICAGO BOARD OF TRADE,124606,6787,29633,0,-22846,28858,9434,2797,19424,3096,4206,0,-1110,1934,0,0,1934,3308,710,2598
250617,DOW JONES U.S. REAL ESTATE IDX - CHICAGO BOARD OF TRADE,124606,18263,40748,5413,-22485,26847,9344,2897,17503,3469,5020,423,-1551,1322,0,0,1322,9489,4278,5211
250610,DOW JONES U.S. REAL ESTATE IDX - CHICAGO BOARD OF TRADE,124606,18426,37212,0,-18786,26702,9471,2850,17231,3047,3660,0,-613,0,291,0,-291,3344,885,2459
250603,DOW JONES U.S. REAL ESTATE IDX - CHICAGO BOARD OF TRADE,124606,17821,38186,0,-20365,28270,9517,2830,18753,2757,3359,0,-602,0,0,0,0,3134,920,2214
250527,DOW JONES U.S. REAL ESTATE IDX - CHICAGO BOARD OF TRADE,124606,16307,36305,0,-19998,27175,9020,3023,18155,2954,3370,0,-416,0,0,0,0,3382,1123,2259
250520,DOW JONES U.S. REAL ESTATE IDX - CHICAGO BOARD OF TRADE,124606,16148,36305,0,-20157,27769,9480,3024,18289,2943,3420,0,-477,0,0,0,0,3499,1154,2345
250513,DOW JONES U.S. REAL ESTATE IDX - CHICAGO BOARD OF TRADE,124606,17205,36055,0,-18850,27860,10067,3026,17793,2431,3010,0,-579,0,340,0,-340,3332,1356,1976
250506,DOW JONES U.S. REAL ESTATE IDX - CHICAGO BOARD OF TRADE,124606,15295,39258,1,-23963,31722,9816,3244,21906,3319,3396,0,-77,0,791,0,-791,3848,923,2925
250429,DOW JONES U.S. REAL ESTATE IDX - CHICAGO BOARD OF TRADE,124606,16535,40154,0,-23619,31142,10267,2541,20875,3737,3425,0,312,0,492,0,-492,3966,1042,2924
250422,DOW JONES U.S. REAL ESTATE IDX - CHICAGO BOARD OF TRADE,124606,12927,40111,0,-27184,33958,10918,2290,23040,3776,3172,0,604,1194,0,0,1194,3324,978,2346
250415,DOW JONES U.S. REAL ESTATE IDX - CHICAGO BOARD OF TRADE,124606,8395,41284,0,-32889,37635,9637,2145,27998,4123,2950,0,1173,1194,0,0,1194,3435,911,2524
250408,DOW JONES U.S. REAL ESTATE IDX - CHICAGO BOARD OF TRADE,124606,7844,38519,0,-30675,34265,7085,2350,27180,4279,2774,0,1505,950,1295,0,-345,3523,1188,2335
250401,DOW JONES U.S. REAL ESTATE IDX - CHICAGO BOARD OF TRADE,124606,8784,38128,0,-29344,33637,8876,2340,24761,3864,3006,0,858,950,344,0,606,3902,783,3119
250325,DOW JONES U.S. REAL ESTATE IDX - CHICAGO BOARD OF TRADE,124606,4431,36019,0,-31588,35912,5955,550,29957,2586,3722,0,-1136,832,572,0,260,3484,977,2507
250318,DOW JONES U.S. REAL ESTATE IDX - CHICAGO BOARD OF TRADE,124606,12393,42177,15481,-29784,36427,6181,585,30246,2837,5801,0,-2964,836,1138,0,-302,4429,1625,2804
250311,DOW JONES U.S. REAL ESTATE IDX - CHICAGO BOARD OF TRADE,124606,12566,38976,0,-26410,32032,5706,1342,26326,2289,5042,0,-2753,836,275,0,561,3393,1117,2276
250304,DOW JONES U.S. REAL ESTATE IDX - CHICAGO BOARD OF TRADE,124606,12023,37334,0,-25311,31819,6677,538,25142,2246,5103,0,-2857,836,0,0,836,3255,1065,2190
250225,DOW JONES U.S. REAL ESTATE IDX - CHICAGO BOARD OF TRADE,124606,13669,37456,0,-23787,29846,7544,535,22302,2400,5649,0,-3249,2078,0,0,2078,3540,884,2656
250218,DOW JONES U.S. REAL ESTATE IDX - CHICAGO BOARD OF TRADE,124606,12252,36560,0,-24308,29460,7517,535,21943,2846,5128,0,-2282,2538,0,0,2538,3083,974,2109
250211,DOW JONES U.S. REAL ESTATE IDX - CHICAGO BOARD OF TRADE,124606,12563,34934,0,-22371,29307,7556,535,21751,2625,4709,0,-2084,836,0,0,836,2915,1047,1868
250204,DOW JONES U.S. REAL ESTATE IDX - CHICAGO BOARD OF TRADE,124606,10359,35796,0,-25437,31323,7103,535,24220,2879,4639,0,-1760,836,0,0,836,3175,1034,2141
250128,DOW JONES U.S. REAL ESTATE IDX - CHICAGO BOARD OF TRADE,124606,10004,35041,0,-25037,32600,8021,711,24579,3369,4008,0,-639,0,1135,0,-1135,3116,884,2232
250121,DOW JONES U.S. REAL ESTATE IDX - CHICAGO BOARD OF TRADE,124606,8567,40647,0,-32080,38870,8100,746,30770,3724,3816,0,-92,0,1135,0,-1135,3375,838,2537
250114,DOW JONES U.S. REAL ESTATE IDX - CHICAGO BOARD OF TRADE,124606,8849,44123,0,-35274,40530,7511,746,33019,4119,3495,0,624,0,1135,0,-1135,3570,804,2766
250107,DOW JONES U.S. REAL ESTATE IDX - CHICAGO BOARD OF TRADE,124606,8921,46836,0,-37915,42763,7525,816,35238,3910,3302,8,608,0,0,0,0,3173,1104,2069
250722,MICRO E-MINI DJIA (x$0.5) - CHICAGO BOARD OF TRADE,124608,3374,7548,0,-4174,0,259,0,-259,7916,1264,332,6652,0,1354,0,-1354,6609,7474,-865
250617,MICRO E-MINI DJIA (x$0.5) - CHICAGO BOARD OF TRADE,124608,2308,5834,0,-3526,0,280,0,-280,3590,8210,2605,-4620,604,1489,4,-885,16295,6984,9311
250610,MICRO E-MINI DJIA (x$0.5) - CHICAGO BOARD OF TRADE,124608,2353,2259,31,94,0,232,0,-232,2752,10958,811,-8206,0,2974,0,-2974,18744,7426,11318
250603,MICRO E-MINI DJIA (x$0.5) - CHICAGO BOARD OF TRADE,124608,3520,2027,31,1493,0,0,0,0,2672,13589,669,-10917,0,2979,10,-2979,19831,7428,12403
250318,MICRO E-MINI DJIA (x$0.5) - CHICAGO BOARD OF TRADE,124608,4345,0,268,4345,267,275,0,-8,4531,14033,3747,-9502,0,2752,0,-2752,13397,5480,7917
250311,MICRO E-MINI DJIA (x$0.5) - CHICAGO BOARD OF TRADE,124608,4076,0,0,4076,266,275,0,-9,4528,14888,1272,-10360,213,2441,0,-2228,14283,5762,8521
250304,MICRO E-MINI DJIA (x$0.5) - CHICAGO BOARD OF TRADE,124608,3861,0,101,3861,222,273,0,-51,3251,16656,996,-13405,0,1116,0,-1116,16344,5633,10711
250225,MICRO E-MINI DJIA (x$0.5) - CHICAGO BOARD OF TRADE,124608,3166,0,0,3166,0,273,0,-273,4533,13347,822,-8814,300,1643,0,-1343,14691,7427,7264
250218,MICRO E-MINI DJIA (x$0.5) - CHICAGO BOARD OF TRADE,124608,1910,0,0,1910,0,273,0,-273,7356,8275,557,-919,300,2014,0,-1714,8826,7830,996
250128,MICRO E-MINI DJIA (x$0.5) - CHICAGO BOARD OF TRADE,124608,1967,219,0,1748,0,266,0,-266,6276,1798,439,4478,245,839,0,-594,5593,10959,-5366
250729,S&P 500 Consolidated - CHICAGO MERCANTILE EXCHANGE,13874+,135692,731302,30641,-595610,1113916,239718,108160,874198,158368,522546,42135,-364178,108534,100719,5702,7815,262022,184246,77776
250722,S&P 500 Consolidated - CHICAGO MERCANTILE EXCHANGE,13874+,162730,740802,27915,-578072,1095059,241731,104877,853328,146493,486440,40060,-339947,103396,105592,3099,-2196,254287,187399,66888
250715,S&P 500 Consolidated - CHICAGO MERCANTILE EXCHANGE,13874+,146464,738098,27937,-591634,1100376,232051,107951,868325,164743,509184,33814,-344441,112170,112467,2643,-297,256833,188785,68048
250708,S&P 500 Consolidated - CHICAGO MERCANTILE EXCHANGE,13874+,120318,735418,24577,-615100,1104653,238924,109532,865729,147316,492728,36852,-345412,112890,92467,2362,20423,256851,182490,74361
250701,S&P 500 Consolidated - CHICAGO MERCANTILE EXCHANGE,13874+,121741,762388,23842,-640647,1097414,255143,105127,842271,143778,447202,28032,-303424,118286,96199,3229,22087,259483,179769,79714
250624,S&P 500 Consolidated - CHICAGO MERCANTILE EXCHANGE,13874+,138331,745827,21588,-607496,1066737,223268,113952,843469,138406,413729,56454,-275323,106536,130740,4029,-24204,252272,188717,63555
250617,S&P 500 Consolidated - CHICAGO MERCANTILE EXCHANGE,13874+,221285,796467,292750,-575182,1087314,238150,125053,849164,151112,477994,169689,-326882,115475,121998,37792,-6523,272734,213312,59422
250610,S&P 500 Consolidated - CHICAGO MERCANTILE EXCHANGE,13874+,195791,806098,206280,-610307,1091111,262328,115026,828783,148966,462641,108400,-313675,113730,87030,6489,26700,256027,187528,68499
250603,S&P 500 Consolidated - CHICAGO MERCANTILE EXCHANGE,13874+,178879,869334,95040,-690455,1085879,269554,116166,816325,158686,444233,76126,-285547,171742,71688,6229,100054,251537,191912,59625
250527,S&P 500 Consolidated - CHICAGO MERCANTILE EXCHANGE,13874+,164705,882554,81695,-717849,1124498,265691,120562,858807,164254,420920,71876,-256666,150305,79768,8254,70537,243370,198201,45169
250520,S&P 500 Consolidated - CHICAGO MERCANTILE EXCHANGE,13874+,185308,863494,76676,-678186,1126011,250324,113493,875687,147979,443912,72461,-295933,155496,100642,6945,54854,245679,202102,43577
250513,S&P 500 Consolidated - CHICAGO MERCANTILE EXCHANGE,13874+,191123,864880,63157,-673757,1115694,256693,121345,859001,157321,443939,76975,-286618,154895,110666,6136,44229,255972,198827,57145
250506,S&P 500 Consolidated - CHICAGO MERCANTILE EXCHANGE,13874+,189164,878566,76199,-689402,1102134,283406,130668,818728,154731,414498,78171,-259767,168609,71158,6939,97451,243181,210192,32989
250429,S&P 500 Consolidated - CHICAGO MERCANTILE EXCHANGE,13874+,167505,917772,48853,-750267,1112246,280078,146915,832168,147981,398154,68240,-250173,207191,74567,4995,132624,246444,210795,35649
250422,S&P 500 Consolidated - CHICAGO MERCANTILE EXCHANGE,13874+,179688,955718,41611,-776030,1120304,304345,153473,815959,169005,421326,65124,-252321,245899,68654,6878,177245,242674,207526,35148
250415,S&P 500 Consolidated - CHICAGO MERCANTILE EXCHANGE,13874+,174861,930129,58332,-755268,1090526,276607,161288,813919,158122,391325,79359,-233203,225570,75705,7566,149865,241935,217247,24688
250408,S&P 500 Consolidated - CHICAGO MERCANTILE EXCHANGE,13874+,162071,963565,68894,-801494,1089384,273950,161939,815434,214605,487023,75010,-272418,297626,75983,20239,221643,260157,223321,36836
250401,S&P 500 Consolidated - CHICAGO MERCANTILE EXCHANGE,13874+,138550,986673,55818,-848123,1094327,206681,128883,887646,169150,432438,49922,-263288,226480,76234,5053,150246,256433,182915,73518
250325,S&P 500 Consolidated - CHICAGO MERCANTILE EXCHANGE,13874+,134217,993988,47010,-859771,1119994,202623,118244,917371,167647,403415,52458,-235768,184529,92855,2389,91674,257963,171469,86494
250318,S&P 500 Consolidated - CHICAGO MERCANTILE EXCHANGE,13874+,134339,1041521,253610,-907182,1070090,236328,158254,833762,238285,423487,192381,-185202,215545,72420,23866,143125,305113,189614,115499
250311,S&P 500 Consolidated - CHICAGO MERCANTILE EXCHANGE,13874+,145410,1071348,68330,-925938,1096672,247839,128382,848833,269887,461887,74135,-192000,215671,77690,3436,137981,306470,175347,131123
250304,S&P 500 Consolidated - CHICAGO MERCANTILE EXCHANGE,13874+,141264,1010425,49637,-869161,1120326,207296,100427,913030,240489,528463,49672,-287974,201762,89570,2445,112192,296240,164326,131914
250225,S&P 500 Consolidated - CHICAGO MERCANTILE EXCHANGE,13874+,140919,941217,46538,-800298,1131624,208953,95582,922671,185543,523860,55449,-338317,190421,114189,2754,76232,296714,157003,139711
250218,S&P 500 Consolidated - CHICAGO MERCANTILE EXCHANGE,13874+,148486,920086,36814,-771600,1138446,185718,95100,952728,194000,550140,57461,-356140,175021,130661,2903,44360,287994,157342,130652
250211,S&P 500 Consolidated - CHICAGO MERCANTILE EXCHANGE,13874+,136167,897622,35704,-761455,1120534,184514,96814,936020,190561,549376,51759,-358815,192012,137850,2936,54162,284619,154532,130087
250204,S&P 500 Consolidated - CHICAGO MERCANTILE EXCHANGE,13874+,137287,903996,34823,-766709,1109578,181663,98518,927915,174823,501357,71562,-326534,175145,138696,5289,36449,278667,149789,128878
250128,S&P 500 Consolidated - CHICAGO MERCANTILE EXCHANGE,13874+,141742,899446,30285,-757704,1137316,170885,97173,966431,119780,518978,59386,-399198,168958,114030,5951,54928,286120,150577,135543
250121,S&P 500 Consolidated - CHICAGO MERCANTILE EXCHANGE,13874+,148958,911235,26634,-762277,1115968,180614,108602,935354,136276,526690,33036,-390414,186266,104822,6515,81444,286332,150439,135893
250114,S&P 500 Consolidated - CHICAGO MERCANTILE EXCHANGE,13874+,137705,927968,40701,-790263,1116343,187836,112410,928507,150826,451571,54068,-300745,163161,116393,5749,46768,276068,160335,115733
250107,S&P 500 Consolidated - CHICAGO MERCANTILE EXCHANGE,13874+,140308,941253,37817,-800945,1158900,164602,101476,994298,149925,490740,43874,-340815,157623,128522,9237,29101,282742,164383,118359
250729,E-MINI S&P CONSU STAPLES INDEX - CHICAGO MERCANTILE EXCHANGE,138748,22350,3758,0,18592,3630,22951,0,-19321,1400,1114,0,286,0,0,0,0,1793,1350,443
250722,E-MINI S&P CONSU STAPLES INDEX - CHICAGO MERCANTILE EXCHANGE,138748,22387,3488,0,18899,3461,22637,0,-19176,1819,1289,0,530,0,728,0,-728,2085,1610,475
250715,E-MINI S&P CONSU STAPLES INDEX - CHICAGO MERCANTILE EXCHANGE,138748,22316,3323,0,18993,3861,22752,0,-18891,1420,1280,0,140,0,845,0,-845,1688,1085,603
250708,E-MINI S&P CONSU STAPLES INDEX - CHICAGO MERCANTILE EXCHANGE,138748,22967,3300,0,19667,3870,25603,499,-21733,1567,1704,0,-137,1381,0,0,1381,1798,976,822
250701,E-MINI S&P CONSU STAPLES INDEX - CHICAGO MERCANTILE EXCHANGE,138748,18357,3287,0,15070,7822,23290,0,-15468,1102,1587,0,-485,0,0,0,0,2048,1165,883
250624,E-MINI S&P CONSU STAPLES INDEX - CHICAGO MERCANTILE EXCHANGE,138748,18324,3287,0,15037,7810,23014,0,-15204,1117,2025,0,-908,0,0,0,0,2000,925,1075
250617,E-MINI S&P CONSU STAPLES INDEX - CHICAGO MERCANTILE EXCHANGE,138748,25646,8515,5261,17131,7282,23192,0,-15910,1215,1792,228,-577,0,2224,0,-2224,2778,1198,1580
250610,E-MINI S&P CONSU STAPLES INDEX - CHICAGO MERCANTILE EXCHANGE,138748,13019,11475,0,1544,6992,7584,0,-592,1280,1309,0,-29,0,2374,0,-2374,2452,1001,1451
250603,E-MINI S&P CONSU STAPLES INDEX - CHICAGO MERCANTILE EXCHANGE,138748,11152,11480,0,-328,6780,6332,0,448,1600,1091,0,509,0,1198,364,-1198,1980,1411,569
250527,E-MINI S&P CONSU STAPLES INDEX - CHICAGO MERCANTILE EXCHANGE,138748,10230,11436,0,-1206,7313,5589,0,1724,1319,1022,0,297,0,1603,364,-1603,2052,1264,788
250520,E-MINI S&P CONSU STAPLES INDEX - CHICAGO MERCANTILE EXCHANGE,138748,11951,11430,0,521,7274,7083,0,191,1292,870,0,422,0,2033,364,-2033,1973,1074,899
250513,E-MINI S&P CONSU STAPLES INDEX - CHICAGO MERCANTILE EXCHANGE,138748,12945,13450,0,-505,9679,7619,0,2060,1503,622,0,881,222,0,142,222,1921,4579,-2658
250506,E-MINI S&P CONSU STAPLES INDEX - CHICAGO MERCANTILE EXCHANGE,138748,5493,12974,0,-7481,8545,6636,28,1909,1381,460,0,921,364,0,0,364,5097,810,4287
250429,E-MINI S&P CONSU STAPLES INDEX - CHICAGO MERCANTILE EXCHANGE,138748,10283,13304,0,-3021,7530,6636,28,894,1450,559,0,891,364,0,0,364,1912,1040,872
250422,E-MINI S&P CONSU STAPLES INDEX - CHICAGO MERCANTILE EXCHANGE,138748,7181,13433,0,-6252,11024,6636,28,4388,1225,528,0,697,364,0,0,364,1882,1079,803
250415,E-MINI S&P CONSU STAPLES INDEX - CHICAGO MERCANTILE EXCHANGE,138748,7582,12343,0,-4761,9692,7102,64,2590,1380,204,0,1176,0,0,0,0,2000,1005,995
250408,E-MINI S&P CONSU STAPLES INDEX - CHICAGO MERCANTILE EXCHANGE,138748,6536,8978,0,-2442,8518,7920,64,598,1450,555,0,895,0,0,0,0,1939,990,949
250401,E-MINI S&P CONSU STAPLES INDEX - CHICAGO MERCANTILE EXCHANGE,138748,12127,5730,0,6397,4434,18299,64,-13865,1220,862,0,358,0,0,0,0,7909,799,7110
250325,E-MINI S&P CONSU STAPLES INDEX - CHICAGO MERCANTILE EXCHANGE,138748,14315,2960,0,11355,3672,12438,64,-8766,1152,691,0,461,0,0,0,0,1510,4560,-3050
250318,E-MINI S&P CONSU STAPLES INDEX - CHICAGO MERCANTILE EXCHANGE,138748,17665,8706,5652,8959,3981,10106,431,-6125,251,504,0,-253,0,0,0,0,2032,4613,-2581
250311,E-MINI S&P CONSU STAPLES INDEX - CHICAGO MERCANTILE EXCHANGE,138748,14289,10403,0,3886,5487,10101,431,-4614,0,277,0,-277,0,0,0,0,1686,681,1005
250304,E-MINI S&P CONSU STAPLES INDEX - CHICAGO MERCANTILE EXCHANGE,138748,14251,10279,0,3972,3174,10209,512,-7035,0,277,0,-277,0,0,0,0,4277,937,3340
250225,E-MINI S&P CONSU STAPLES INDEX - CHICAGO MERCANTILE EXCHANGE,138748,16878,10413,0,6465,3101,10214,1366,-7113,0,277,0,-277,0,0,0,0,1831,906,925
250218,E-MINI S&P CONSU STAPLES INDEX - CHICAGO MERCANTILE EXCHANGE,138748,17565,3425,0,14140,2843,16186,512,-13343,426,220,0,206,0,0,0,0,1447,2450,-1003
250211,E-MINI S&P CONSU STAPLES INDEX - CHICAGO MERCANTILE EXCHANGE,138748,17040,2288,0,14752,2737,18385,512,-15648,874,0,0,874,0,0,0,0,1476,1454,22
250204,E-MINI S&P CONSU STAPLES INDEX - CHICAGO MERCANTILE EXCHANGE,138748,17289,2246,0,15043,2639,18385,512,-15746,552,379,0,173,0,0,0,0,1651,1121,530
250128,E-MINI S&P CONSU STAPLES INDEX - CHICAGO MERCANTILE EXCHANGE,138748,19947,2248,0,17699,2924,21240,512,-18316,697,376,0,321,0,0,0,0,1616,1320,296
250121,E-MINI S&P CONSU STAPLES INDEX - CHICAGO MERCANTILE EXCHANGE,138748,21957,2080,0,19877,2799,23409,512,-20610,975,376,0,599,0,0,0,0,1645,1511,134
250114,E-MINI S&P CONSU STAPLES INDEX - CHICAGO MERCANTILE EXCHANGE,138748,20118,2077,0,18041,2274,22078,512,-19804,1503,230,0,1273,0,0,0,0,1886,1396,490
250729,E-MINI S&P ENERGY INDEX - CHICAGO MERCANTILE EXCHANGE,138749,15063,9405,0,5658,5408,9683,104,-4275,807,3075,0,-2268,0,0,0,0,2211,1326,885
250722,E-MINI S&P ENERGY INDEX - CHICAGO MERCANTILE EXCHANGE,138749,14307,9844,0,4463,5396,6859,104,-1463,807,2716,0,-1909,0,0,0,0,2253,3344,-1091
250715,E-MINI S&P ENERGY INDEX - CHICAGO MERCANTILE EXCHANGE,138749,11855,9923,0,1932,5618,6859,104,-1241,807,2221,0,-1414,0,0,0,0,2078,1355,723
250708,E-MINI S&P ENERGY INDEX - CHICAGO MERCANTILE EXCHANGE,138749,11983,9980,0,2003,5441,6960,104,-1519,807,2174,0,-1367,0,0,0,0,2653,1770,883
250701,E-MINI S&P ENERGY INDEX - CHICAGO MERCANTILE EXCHANGE,138749,12528,10121,0,2407,5486,6615,272,-1129,667,2301,0,-1634,0,0,0,0,1883,1527,356
250624,E-MINI S&P ENERGY INDEX - CHICAGO MERCANTILE EXCHANGE,138749,11738,12131,0,-393,5443,3533,104,1910,667,2162,0,-1495,0,0,0,0,1809,1831,-22
250617,E-MINI S&P ENERGY INDEX - CHICAGO MERCANTILE EXCHANGE,138749,20123,5464,7214,14659,5392,16800,104,-11408,667,3358,0,-2691,0,2471,0,-2471,4549,2638,1911
250610,E-MINI S&P ENERGY INDEX - CHICAGO MERCANTILE EXCHANGE,138749,27997,6570,0,21427,5176,25245,0,-20069,867,1962,0,-1095,0,0,0,0,2085,2348,-263
250603,E-MINI S&P ENERGY INDEX - CHICAGO MERCANTILE EXCHANGE,138749,27225,6806,0,20419,5314,24693,2,-19379,667,1977,0,-1310,0,0,0,0,2258,1988,270
250527,E-MINI S&P ENERGY INDEX - CHICAGO MERCANTILE EXCHANGE,138749,26157,6908,0,19249,5714,23445,2,-17731,886,1840,0,-954,0,0,0,0,1973,2537,-564
250520,E-MINI S&P ENERGY INDEX - CHICAGO MERCANTILE EXCHANGE,138749,25158,6910,0,18248,5405,22432,2,-17027,667,1595,0,-928,0,339,0,-339,2182,2136,46
250513,E-MINI S&P ENERGY INDEX - CHICAGO MERCANTILE EXCHANGE,138749,18309,6354,0,11955,4616,16089,0,-11473,667,1355,0,-688,0,0,0,0,2220,2014,206
250506,E-MINI S&P ENERGY INDEX - CHICAGO MERCANTILE EXCHANGE,138749,17897,6476,0,11421,5445,14375,584,-8930,676,1295,0,-619,0,0,0,0,2536,4408,-1872
250429,E-MINI S&P ENERGY INDEX - CHICAGO MERCANTILE EXCHANGE,138749,10063,9330,0,733,7494,8100,0,-606,676,921,0,-245,0,0,0,0,2010,1892,118
250422,E-MINI S&P ENERGY INDEX - CHICAGO MERCANTILE EXCHANGE,138749,11124,9327,0,1797,4765,7985,0,-3220,676,937,0,-261,0,0,0,0,3635,1951,1684
250415,E-MINI S&P ENERGY INDEX - CHICAGO MERCANTILE EXCHANGE,138749,12140,7947,0,4193,4479,8618,0,-4139,676,887,0,-211,0,0,0,0,2268,2111,157
250408,E-MINI S&P ENERGY INDEX - CHICAGO MERCANTILE EXCHANGE,138749,7696,8277,0,-581,4916,4881,0,35,715,458,0,257,0,0,0,0,2406,2117,289
250401,E-MINI S&P ENERGY INDEX - CHICAGO MERCANTILE EXCHANGE,138749,3794,12483,0,-8689,7852,1356,0,6496,727,871,0,-144,0,0,0,0,3958,1621,2337
250325,E-MINI S&P ENERGY INDEX - CHICAGO MERCANTILE EXCHANGE,138749,4240,11786,0,-7546,6558,1569,0,4989,727,788,0,-61,0,0,0,0,3978,1360,2618
250318,E-MINI S&P ENERGY INDEX - CHICAGO MERCANTILE EXCHANGE,138749,6656,11667,4277,-5011,5414,2071,0,3343,251,393,62,-142,0,0,0,0,3731,1921,1810
250311,E-MINI S&P ENERGY INDEX - CHICAGO MERCANTILE EXCHANGE,138749,6285,7268,0,-983,5536,7431,0,-1895,251,755,0,-504,0,0,0,0,5120,1738,3382
250304,E-MINI S&P ENERGY INDEX - CHICAGO MERCANTILE EXCHANGE,138749,7567,6520,0,1047,6528,7152,0,-624,251,1023,0,-772,0,0,0,0,2103,1754,349
250225,E-MINI S&P ENERGY INDEX - CHICAGO MERCANTILE EXCHANGE,138749,7544,7121,0,423,6188,6434,0,-246,251,1530,0,-1279,0,0,0,0,2375,1273,1102
250218,E-MINI S&P ENERGY INDEX - CHICAGO MERCANTILE EXCHANGE,138749,8399,7386,0,1013,6401,5378,0,1023,251,2188,0,-1937,0,0,0,0,2175,2274,-99
250211,E-MINI S&P ENERGY INDEX - CHICAGO MERCANTILE EXCHANGE,138749,5386,6885,0,-1499,5481,3268,0,2213,251,2143,0,-1892,0,0,0,0,2413,1235,1178
250204,E-MINI S&P ENERGY INDEX - CHICAGO MERCANTILE EXCHANGE,138749,4512,7756,0,-3244,5993,2260,0,3733,251,2390,0,-2139,0,0,0,0,2575,925,1650
250128,E-MINI S&P ENERGY INDEX - CHICAGO MERCANTILE EXCHANGE,138749,4749,6675,0,-1926,5993,2459,0,3534,0,2126,0,-2126,0,0,0,0,2550,2032,518
250121,E-MINI S&P ENERGY INDEX - CHICAGO MERCANTILE EXCHANGE,138749,4154,8925,0,-4771,5826,253,0,5573,0,2244,0,-2244,0,0,0,0,2766,1324,1442
250114,E-MINI S&P ENERGY INDEX - CHICAGO MERCANTILE EXCHANGE,138749,4182,8544,0,-4362,5853,654,0,5199,0,1985,0,-1985,0,0,0,0,2599,1451,1148
250107,E-MINI S&P ENERGY INDEX - CHICAGO MERCANTILE EXCHANGE,138749,10218,6876,0,3342,5804,8386,0,-2582,0,1974,0,-1974,0,0,0,0,2542,1328,1214
250729,E-MINI S&P 500 - CHICAGO MERCANTILE EXCHANGE,13874A,135576,732716,27519,-597140,1111564,238980,107905,872584,157815,523242,32714,-365427,108336,99782,5702,8554,254800,173371,81429
250722,E-MINI S&P 500 - CHICAGO MERCANTILE EXCHANGE,13874A,162374,741733,25433,-579359,1093090,240822,104612,852268,145719,487028,31920,-341309,103226,105139,2980,-1913,247689,177376,70313
250715,E-MINI S&P 500 - CHICAGO MERCANTILE EXCHANGE,13874A,146258,738453,26046,-592195,1097986,231667,107671,866319,162331,507141,30982,-344810,111806,112063,2643,-257,250136,179193,70943
250708,E-MINI S&P 500 - CHICAGO MERCANTILE EXCHANGE,13874A,119526,733933,24424,-614407,1102127,238590,109311,863537,146754,494389,31355,-347635,112876,92467,2187,20409,250486,172390,78096
250701,E-MINI S&P 500 - CHICAGO MERCANTILE EXCHANGE,13874A,120862,760637,23842,-639775,1095229,255081,104803,840148,143023,449310,24797,-306287,118345,96196,3055,22149,253398,169633,83765
250624,E-MINI S&P 500 - CHICAGO MERCANTILE EXCHANGE,13874A,137756,746446,20969,-608690,1064574,223328,113535,841246,137615,411937,54992,-274322,106536,130995,3770,-24459,246605,180380,66225
250617,E-MINI S&P 500 - CHICAGO MERCANTILE EXCHANGE,13874A,220265,793745,292562,-573480,1085040,238330,124536,846710,150208,475094,158837,-324886,114936,121156,37792,-6220,265970,208094,57876
250610,E-MINI S&P 500 - CHICAGO MERCANTILE EXCHANGE,13874A,194858,803150,206280,-608292,1088561,262430,114745,826131,150882,465145,98825,-314263,114149,86688,5894,27461,249715,180752,68963
250603,E-MINI S&P 500 - CHICAGO MERCANTILE EXCHANGE,13874A,178033,866779,94906,-688746,1083338,269654,115877,813684,161462,447530,66984,-286068,172449,71688,5347,100761,245466,185097,60369
250527,E-MINI S&P 500 - CHICAGO MERCANTILE EXCHANGE,13874A,164372,879696,81245,-715324,1121735,265658,120276,856077,167130,425681,62031,-258551,150744,79447,7640,71297,236993,190492,46501
250520,E-MINI S&P 500 - CHICAGO MERCANTILE EXCHANGE,13874A,185308,861079,76213,-675771,1123523,250081,113222,873442,150431,448993,63163,-298562,155829,100410,6435,55419,239544,194072,45472
250513,E-MINI S&P 500 - CHICAGO MERCANTILE EXCHANGE,13874A,191074,864263,61817,-673189,1112757,256679,121085,856078,159581,448236,68442,-288655,154720,109479,6136,45241,250278,189753,60525
250506,E-MINI S&P 500 - CHICAGO MERCANTILE EXCHANGE,13874A,188508,881910,72848,-693402,1099297,283135,130390,816162,157467,414906,72458,-257439,168854,70398,6519,98456,237311,201088,36223
250429,E-MINI S&P 500 - CHICAGO MERCANTILE EXCHANGE,13874A,167266,920807,45811,-753541,1109378,279977,146645,829401,150010,399887,62244,-249877,207016,73912,4992,133104,240722,199809,40913
250422,E-MINI S&P 500 - CHICAGO MERCANTILE EXCHANGE,13874A,179464,958106,39215,-778642,1117162,304043,153318,813119,168599,420432,62857,-251833,245897,68080,6699,177817,236445,196906,39539
250415,E-MINI S&P 500 - CHICAGO MERCANTILE EXCHANGE,13874A,174555,933840,54614,-759285,1087907,276607,161019,811300,159652,391121,75290,-231469,225549,75213,7395,150336,235927,206809,29118
250408,E-MINI S&P 500 - CHICAGO MERCANTILE EXCHANGE,13874A,161861,968705,63748,-806844,1086748,273583,161553,813165,216672,483817,71543,-267145,298042,75856,19707,222186,252928,214290,38638
250401,E-MINI S&P 500 - CHICAGO MERCANTILE EXCHANGE,13874A,138259,988527,53964,-850268,1092161,206681,128631,885480,169590,430751,48329,-261161,226962,76234,4422,150728,249432,174211,75221
250325,E-MINI S&P 500 - CHICAGO MERCANTILE EXCHANGE,13874A,134217,993988,47010,-859771,1117841,202515,118124,915326,168249,402856,51033,-234607,184241,92388,2389,91853,251247,164048,87199
250318,E-MINI S&P 500 - CHICAGO MERCANTILE EXCHANGE,13874A,134075,1045005,249782,-910930,1068185,236328,158180,831857,239099,427599,176043,-188500,216569,72420,22518,144149,296211,172787,123424
250311,E-MINI S&P 500 - CHICAGO MERCANTILE EXCHANGE,13874A,145177,1074214,65140,-929037,1094727,247942,128278,846785,268404,461956,64951,-193552,216093,77690,2538,138403,297340,159939,137401
250304,E-MINI S&P 500 - CHICAGO MERCANTILE EXCHANGE,13874A,141049,1012245,47511,-871196,1118800,207296,100424,911504,241275,529255,40300,-287980,202030,89570,1908,112460,287647,152435,135212
250225,E-MINI S&P 500 - CHICAGO MERCANTILE EXCHANGE,13874A,140761,942897,44701,-802136,1130093,208953,95575,921140,186291,522309,48006,-336018,190621,114189,2308,76432,288516,147934,140582
250218,E-MINI S&P 500 - CHICAGO MERCANTILE EXCHANGE,13874A,147949,920086,36814,-772137,1136814,185795,94993,951019,193400,548990,51592,-355590,175418,130661,2380,44757,281293,149342,131951
250211,E-MINI S&P 500 - CHICAGO MERCANTILE EXCHANGE,13874A,135406,897622,35704,-762216,1119018,184454,96710,934564,190122,548068,46813,-357946,192357,137478,2466,54879,277921,147202,130719
250204,E-MINI S&P 500 - CHICAGO MERCANTILE EXCHANGE,13874A,136303,903871,34823,-767568,1108017,181413,98367,926604,175502,499856,66751,-324354,175023,137983,5289,37040,271788,143510,128278
250128,E-MINI S&P 500 - CHICAGO MERCANTILE EXCHANGE,13874A,141742,900312,29419,-758570,1134997,170433,97007,964564,123096,519754,52852,-396658,169237,114030,5672,55207,279072,143615,135457
250121,E-MINI S&P 500 - CHICAGO MERCANTILE EXCHANGE,13874A,148421,911235,26634,-762814,1113434,180701,108467,932733,138324,525999,28921,-387675,186430,104822,6351,81608,279487,143339,136148
250114,E-MINI S&P 500 - CHICAGO MERCANTILE EXCHANGE,13874A,136950,927968,40701,-791018,1113230,187638,112293,925592,151543,448908,52206,-297365,163161,116572,5570,46589,268436,152234,116202
250107,E-MINI S&P 500 - CHICAGO MERCANTILE EXCHANGE,13874A,139721,941253,37817,-801532,1155929,164208,101240,991721,151126,489620,41238,-338494,157623,128718,9041,28905,275524,156124,119400
250729,E-MINI S&P FINANCIAL INDEX - CHICAGO MERCANTILE EXCHANGE,13874C,45720,57722,0,-12002,16393,309,181,16084,0,5391,0,-5391,0,330,0,-330,2964,1325,1639
250722,E-MINI S&P FINANCIAL INDEX - CHICAGO MERCANTILE EXCHANGE,13874C,45445,56860,0,-11415,16242,951,181,15291,0,5317,0,-5317,0,333,0,-333,2965,1191,1774
250715,E-MINI S&P FINANCIAL INDEX - CHICAGO MERCANTILE EXCHANGE,13874C,45445,56972,0,-11527,16229,951,181,15278,0,5393,0,-5393,0,336,0,-336,3034,1056,1978
250708,E-MINI S&P FINANCIAL INDEX - CHICAGO MERCANTILE EXCHANGE,13874C,47701,57799,0,-10098,16341,642,181,15699,0,5807,0,-5807,0,1266,0,-1266,3127,1655,1472
250701,E-MINI S&P FINANCIAL INDEX - CHICAGO MERCANTILE EXCHANGE,13874C,47671,58257,0,-10586,17227,642,181,16585,0,6449,0,-6449,0,1392,0,-1392,3079,1237,1842
250624,E-MINI S&P FINANCIAL INDEX - CHICAGO MERCANTILE EXCHANGE,13874C,47874,57853,0,-9979,16759,2220,181,14539,224,6348,0,-6124,0,0,0,0,2736,1172,1564
250617,E-MINI S&P FINANCIAL INDEX - CHICAGO MERCANTILE EXCHANGE,13874C,49812,62363,26093,-12551,17201,2442,181,14759,237,4201,2903,-3964,0,0,0,0,2623,867,1756
250610,E-MINI S&P FINANCIAL INDEX - CHICAGO MERCANTILE EXCHANGE,13874C,50137,63911,0,-13774,16411,222,27,16189,224,4527,0,-4303,0,0,0,0,2763,875,1888
250603,E-MINI S&P FINANCIAL INDEX - CHICAGO MERCANTILE EXCHANGE,13874C,51781,64488,0,-12707,16452,738,27,15714,0,4741,0,-4741,0,0,0,0,2875,1141,1734
250527,E-MINI S&P FINANCIAL INDEX - CHICAGO MERCANTILE EXCHANGE,13874C,50979,64989,0,-14010,17378,222,27,17156,0,5397,0,-5397,0,0,0,0,3191,940,2251
250520,E-MINI S&P FINANCIAL INDEX - CHICAGO MERCANTILE EXCHANGE,13874C,51343,64692,0,-13349,16290,222,0,16068,0,5095,0,-5095,381,0,0,381,2868,873,1995
250513,E-MINI S&P FINANCIAL INDEX - CHICAGO MERCANTILE EXCHANGE,13874C,51706,63002,0,-11296,13815,222,0,13593,0,3516,0,-3516,0,0,0,0,2379,1160,1219
250506,E-MINI S&P FINANCIAL INDEX - CHICAGO MERCANTILE EXCHANGE,13874C,51934,63062,0,-11128,13056,387,0,12669,0,3489,0,-3489,0,0,0,0,2270,322,1948
250429,E-MINI S&P FINANCIAL INDEX - CHICAGO MERCANTILE EXCHANGE,13874C,52012,62225,0,-10213,11914,387,0,11527,0,2777,0,-2777,0,0,0,0,2206,743,1463
250422,E-MINI S&P FINANCIAL INDEX - CHICAGO MERCANTILE EXCHANGE,13874C,50362,62610,0,-12248,13816,387,0,13429,0,2595,0,-2595,0,0,0,0,2208,794,1414
250415,E-MINI S&P FINANCIAL INDEX - CHICAGO MERCANTILE EXCHANGE,13874C,50090,63079,0,-12989,14521,387,0,14134,0,2555,0,-2555,0,0,0,0,2277,867,1410
250408,E-MINI S&P FINANCIAL INDEX - CHICAGO MERCANTILE EXCHANGE,13874C,49574,64599,0,-15025,16958,387,0,16571,0,2511,0,-2511,0,0,0,0,2663,1698,965
250401,E-MINI S&P FINANCIAL INDEX - CHICAGO MERCANTILE EXCHANGE,13874C,47852,69453,0,-21601,23453,387,0,23066,849,3401,0,-2552,0,0,0,0,3317,2230,1087
250325,E-MINI S&P FINANCIAL INDEX - CHICAGO MERCANTILE EXCHANGE,13874C,47808,70824,0,-23016,22418,492,0,21926,837,3311,0,-2474,0,0,0,0,4180,616,3564
250318,E-MINI S&P FINANCIAL INDEX - CHICAGO MERCANTILE EXCHANGE,13874C,41148,64895,15255,-23747,22938,492,0,22446,625,1984,74,-1359,0,0,0,0,3474,814,2660
250311,E-MINI S&P FINANCIAL INDEX - CHICAGO MERCANTILE EXCHANGE,13874C,32319,59598,2000,-27279,24471,492,0,23979,1163,1443,150,-280,0,0,0,0,4241,661,3580
250304,E-MINI S&P FINANCIAL INDEX - CHICAGO MERCANTILE EXCHANGE,13874C,33623,66285,0,-32662,32220,2579,0,29641,2149,1687,349,462,0,0,0,0,3519,960,2559
250225,E-MINI S&P FINANCIAL INDEX - CHICAGO MERCANTILE EXCHANGE,13874C,35476,64400,0,-28924,29839,2579,0,27260,2164,1685,349,479,0,0,0,0,3733,2548,1185
250218,E-MINI S&P FINANCIAL INDEX - CHICAGO MERCANTILE EXCHANGE,13874C,36176,64275,0,-28099,27470,3246,0,24224,2370,1593,349,777,0,0,0,0,3608,510,3098
250211,E-MINI S&P FINANCIAL INDEX - CHICAGO MERCANTILE EXCHANGE,13874C,35029,65038,0,-30009,27270,851,0,26419,2329,1454,349,875,0,0,0,0,3693,978,2715
250204,E-MINI S&P FINANCIAL INDEX - CHICAGO MERCANTILE EXCHANGE,13874C,32087,67130,0,-35043,32150,888,0,31262,2284,1419,349,865,0,0,0,0,3902,986,2916
250128,E-MINI S&P FINANCIAL INDEX - CHICAGO MERCANTILE EXCHANGE,13874C,30980,66448,0,-35468,33037,888,0,32149,2039,1678,349,361,0,0,0,0,3951,993,2958
250121,E-MINI S&P FINANCIAL INDEX - CHICAGO MERCANTILE EXCHANGE,13874C,30891,64617,0,-33726,31217,304,0,30913,1213,1241,423,-28,0,0,0,0,3921,1080,2841
250114,E-MINI S&P FINANCIAL INDEX - CHICAGO MERCANTILE EXCHANGE,13874C,30879,62744,0,-31865,30809,1128,0,29681,1048,1452,423,-404,0,0,0,0,3527,939,2588
250107,E-MINI S&P FINANCIAL INDEX - CHICAGO MERCANTILE EXCHANGE,13874C,31513,62183,0,-30670,25696,218,0,25478,1048,1295,423,-247,0,0,0,0,6285,846,5439
250610,E-MINI S&P HEALTH CARE INDEX - CHICAGO MERCANTILE EXCHANGE,13874E,5733,14396,0,-8663,11463,1299,223,10164,232,825,0,-593,0,1746,37,-1746,2235,1397,838
250729,E-MINI S&P INDUSTRIAL INDEX - CHICAGO MERCANTILE EXCHANGE,13874F,997,3424,0,-2427,3413,1719,0,1694,1221,885,0,336,0,336,0,-336,2010,1277,733
250722,E-MINI S&P INDUSTRIAL INDEX - CHICAGO MERCANTILE EXCHANGE,13874F,2310,2819,0,-509,3334,2738,0,596,1271,1096,0,175,0,1836,0,-1836,2736,1162,1574
250617,E-MINI S&P INDUSTRIAL INDEX - CHICAGO MERCANTILE EXCHANGE,13874F,2876,2611,1785,265,3084,5008,0,-1924,651,385,223,266,612,0,0,612,1745,964,781
250617,E-MINI S&P MATERIALS INDEX - CHICAGO MERCANTILE EXCHANGE,13874H,10081,5266,2255,4815,1230,3927,0,-2697,0,1452,640,-1452,0,0,0,0,802,1468,-666
250429,E-MINI S&P MATERIALS INDEX - CHICAGO MERCANTILE EXCHANGE,13874H,9810,6566,0,3244,3971,5606,0,-1635,0,1312,0,-1312,0,0,0,0,838,1135,-297
250422,E-MINI S&P MATERIALS INDEX - CHICAGO MERCANTILE EXCHANGE,13874H,9854,6556,0,3298,3940,5725,0,-1785,0,1192,0,-1192,0,0,0,0,849,1170,-321
250415,E-MINI S&P MATERIALS INDEX - CHICAGO MERCANTILE EXCHANGE,13874H,9870,6551,0,3319,3940,5698,0,-1758,0,1407,0,-1407,0,0,0,0,761,915,-154
250408,E-MINI S&P MATERIALS INDEX - CHICAGO MERCANTILE EXCHANGE,13874H,10899,4304,0,6595,1230,5976,0,-4746,0,1494,0,-1494,0,0,0,0,782,1137,-355
250401,E-MINI S&P MATERIALS INDEX - CHICAGO MERCANTILE EXCHANGE,13874H,8691,4214,0,4477,3730,6042,0,-2312,0,2044,0,-2044,0,0,0,0,843,964,-121
250325,E-MINI S&P MATERIALS INDEX - CHICAGO MERCANTILE EXCHANGE,13874H,10655,4176,0,6479,3730,8338,0,-4608,0,1564,0,-1564,0,0,0,0,591,898,-307
250318,E-MINI S&P MATERIALS INDEX - CHICAGO MERCANTILE EXCHANGE,13874H,9282,2904,9136,6378,2130,6527,0,-4397,0,1623,206,-1623,0,0,0,0,742,1100,-358
250311,E-MINI S&P MATERIALS INDEX - CHICAGO MERCANTILE EXCHANGE,13874H,8335,5895,0,2440,8373,6483,0,1890,0,1422,0,-1422,0,0,0,0,505,3413,-2908
250304,E-MINI S&P MATERIALS INDEX - CHICAGO MERCANTILE EXCHANGE,13874H,6049,7881,0,-1832,8373,4261,0,4112,0,2051,0,-2051,0,0,0,0,716,945,-229
250225,E-MINI S&P MATERIALS INDEX - CHICAGO MERCANTILE EXCHANGE,13874H,6193,8950,0,-2757,9450,4241,0,5209,0,2195,0,-2195,0,0,0,0,654,911,-257
250218,E-MINI S&P MATERIALS INDEX - CHICAGO MERCANTILE EXCHANGE,13874H,5652,8915,0,-3263,9768,4208,0,5560,0,2035,0,-2035,0,0,0,0,876,1138,-262
250211,E-MINI S&P MATERIALS INDEX - CHICAGO MERCANTILE EXCHANGE,13874H,5031,11825,0,-6794,13346,4251,0,9095,0,2444,0,-2444,0,0,0,0,942,799,143
250121,E-MINI S&P MATERIALS INDEX - CHICAGO MERCANTILE EXCHANGE,13874H,5536,8208,0,-2672,8648,3932,0,4716,0,1187,0,-1187,0,0,0,0,561,1418,-857
250114,E-MINI S&P MATERIALS INDEX - CHICAGO MERCANTILE EXCHANGE,13874H,5636,7247,0,-1611,8652,5047,0,3605,0,1397,0,-1397,0,0,0,0,642,1239,-597
250107,E-MINI S&P MATERIALS INDEX - CHICAGO MERCANTILE EXCHANGE,13874H,6538,5294,0,1244,6126,5096,0,1030,0,1747,0,-1747,0,0,0,0,630,1157,-527
250729,E-MINI S&P TECHNOLOGY INDEX - CHICAGO MERCANTILE EXCHANGE,13874I,1723,15318,0,-13595,12749,358,0,12391,491,798,0,-307,0,0,0,0,2214,703,1511
250722,E-MINI S&P TECHNOLOGY INDEX - CHICAGO MERCANTILE EXCHANGE,13874I,1613,15800,0,-14187,13312,358,0,12954,476,776,0,-300,0,0,0,0,2360,827,1533
250715,E-MINI S&P TECHNOLOGY INDEX - CHICAGO MERCANTILE EXCHANGE,13874I,1618,15539,0,-13921,13224,358,0,12866,245,814,0,-569,0,0,0,0,2439,815,1624
250708,E-MINI S&P TECHNOLOGY INDEX - CHICAGO MERCANTILE EXCHANGE,13874I,1594,14171,0,-12577,12518,358,0,12160,213,1014,0,-801,0,481,0,-481,2404,705,1699
250701,E-MINI S&P TECHNOLOGY INDEX - CHICAGO MERCANTILE EXCHANGE,13874I,1934,13994,0,-12060,11924,358,0,11566,0,1027,0,-1027,0,0,0,0,2615,1094,1521
250624,E-MINI S&P TECHNOLOGY INDEX - CHICAGO MERCANTILE EXCHANGE,13874I,1924,13989,0,-12065,12156,649,0,11507,0,948,0,-948,0,0,0,0,2402,896,1506
250617,E-MINI S&P TECHNOLOGY INDEX - CHICAGO MERCANTILE EXCHANGE,13874I,3408,16071,2582,-12663,12324,907,0,11417,3,1041,213,-1038,0,0,0,0,3349,1065,2284
250610,E-MINI S&P TECHNOLOGY INDEX - CHICAGO MERCANTILE EXCHANGE,13874I,3611,15437,0,-11826,11789,907,0,10882,0,867,0,-867,414,0,0,414,2377,980,1397
250603,E-MINI S&P TECHNOLOGY INDEX - CHICAGO MERCANTILE EXCHANGE,13874I,3695,15124,0,-11429,11581,907,0,10674,0,792,0,-792,476,0,0,476,2190,1119,1071
250527,E-MINI S&P TECHNOLOGY INDEX - CHICAGO MERCANTILE EXCHANGE,13874I,3740,14379,0,-10639,10459,1639,0,8820,0,769,0,-769,917,0,0,917,2335,664,1671
250520,E-MINI S&P TECHNOLOGY INDEX - CHICAGO MERCANTILE EXCHANGE,13874I,3481,14393,0,-10912,10696,1639,0,9057,0,788,0,-788,1442,0,0,1442,2093,892,1201
250513,E-MINI S&P TECHNOLOGY INDEX - CHICAGO MERCANTILE EXCHANGE,13874I,3667,14018,0,-10351,10086,423,0,9663,0,784,0,-784,0,0,0,0,2450,978,1472
250506,E-MINI S&P TECHNOLOGY INDEX - CHICAGO MERCANTILE EXCHANGE,13874I,3957,13145,0,-9188,10472,423,0,10049,0,758,0,-758,0,0,0,0,2634,2737,-103
250429,E-MINI S&P TECHNOLOGY INDEX - CHICAGO MERCANTILE EXCHANGE,13874I,3062,14797,0,-11735,11382,423,0,10959,0,902,0,-902,0,0,0,0,2425,747,1678
250422,E-MINI S&P TECHNOLOGY INDEX - CHICAGO MERCANTILE EXCHANGE,13874I,2809,13433,0,-10624,11061,482,0,10579,0,968,0,-968,0,0,0,0,2452,1439,1013
250415,E-MINI S&P TECHNOLOGY INDEX - CHICAGO MERCANTILE EXCHANGE,13874I,2199,13129,0,-10930,11269,482,0,10787,0,899,0,-899,0,0,0,0,1918,876,1042
250408,E-MINI S&P TECHNOLOGY INDEX - CHICAGO MERCANTILE EXCHANGE,13874I,2479,12275,0,-9796,9496,482,0,9014,0,490,0,-490,0,0,0,0,2162,890,1272
250401,E-MINI S&P TECHNOLOGY INDEX - CHICAGO MERCANTILE EXCHANGE,13874I,2764,12056,0,-9292,8924,501,0,8423,0,537,0,-537,0,0,0,0,2142,736,1406
250318,E-MINI S&P TECHNOLOGY INDEX - CHICAGO MERCANTILE EXCHANGE,13874I,4318,14452,2375,-10134,8869,0,0,8869,270,527,1,-257,0,0,0,0,2112,590,1522
250311,E-MINI S&P TECHNOLOGY INDEX - CHICAGO MERCANTILE EXCHANGE,13874I,4131,14558,0,-10427,9567,0,15,9567,0,543,0,-543,0,0,0,0,2056,653,1403
250304,E-MINI S&P TECHNOLOGY INDEX - CHICAGO MERCANTILE EXCHANGE,13874I,5614,14227,9,-8613,7873,520,15,7353,0,497,0,-497,0,0,0,0,2333,576,1757
250225,E-MINI S&P TECHNOLOGY INDEX - CHICAGO MERCANTILE EXCHANGE,13874I,5605,14236,0,-8631,7786,520,15,7266,0,577,0,-577,0,0,0,0,2657,715,1942
250218,E-MINI S&P TECHNOLOGY INDEX - CHICAGO MERCANTILE EXCHANGE,13874I,4803,14220,0,-9417,8627,520,15,8107,0,568,0,-568,0,0,0,0,2378,500,1878
250211,E-MINI S&P TECHNOLOGY INDEX - CHICAGO MERCANTILE EXCHANGE,13874I,4936,13495,0,-8559,7935,700,15,7235,0,511,0,-511,0,0,0,0,2385,550,1835
250204,E-MINI S&P TECHNOLOGY INDEX - CHICAGO MERCANTILE EXCHANGE,13874I,4960,13610,0,-8650,8092,700,15,7392,0,494,0,-494,0,0,0,0,2276,524,1752
250128,E-MINI S&P TECHNOLOGY INDEX - CHICAGO MERCANTILE EXCHANGE,13874I,3606,13632,0,-10026,9657,700,15,8957,0,439,0,-439,0,0,0,0,2020,512,1508
250121,E-MINI S&P TECHNOLOGY INDEX - CHICAGO MERCANTILE EXCHANGE,13874I,2331,13013,0,-10682,9754,0,15,9754,225,839,0,-614,0,0,0,0,2105,563,1542
250114,E-MINI S&P TECHNOLOGY INDEX - CHICAGO MERCANTILE EXCHANGE,13874I,1565,13767,0,-12202,11278,0,15,11278,0,877,0,-877,0,0,0,0,2473,672,1801
250107,E-MINI S&P TECHNOLOGY INDEX - CHICAGO MERCANTILE EXCHANGE,13874I,1611,14534,0,-12923,11901,0,15,11901,0,932,0,-932,0,0,0,0,2512,558,1954
250729,E-MINI S&P UTILITIES INDEX - CHICAGO MERCANTILE EXCHANGE,13874J,3206,21541,0,-18335,17418,4295,330,13123,3108,762,0,2346,0,0,0,0,3975,1109,2866
250722,E-MINI S&P UTILITIES INDEX - CHICAGO MERCANTILE EXCHANGE,13874J,4454,21626,0,-17172,17042,6508,330,10534,2928,769,0,2159,0,0,0,0,5614,1135,4479
250715,E-MINI S&P UTILITIES INDEX - CHICAGO MERCANTILE EXCHANGE,13874J,6271,21731,0,-15460,17325,6508,330,10817,2628,739,0,1889,0,0,0,0,3709,955,2754
250708,E-MINI S&P UTILITIES INDEX - CHICAGO MERCANTILE EXCHANGE,13874J,5328,21571,0,-16243,17671,5200,330,12471,3455,713,0,2742,0,0,0,0,3449,2419,1030
250701,E-MINI S&P UTILITIES INDEX - CHICAGO MERCANTILE EXCHANGE,13874J,3400,23153,0,-19753,17658,3622,330,14036,3375,728,0,2647,0,0,0,0,3561,491,3070
250624,E-MINI S&P UTILITIES INDEX - CHICAGO MERCANTILE EXCHANGE,13874J,3307,23578,0,-20271,17679,3403,480,14276,3390,721,0,2669,0,0,0,0,3816,490,3326
250617,E-MINI S&P UTILITIES INDEX - CHICAGO MERCANTILE EXCHANGE,13874J,6402,27420,8098,-21018,18277,3403,480,14874,3910,769,0,3141,0,0,0,0,4027,1024,3003
250610,E-MINI S&P UTILITIES INDEX - CHICAGO MERCANTILE EXCHANGE,13874J,4113,27391,0,-23278,18993,941,480,18052,3948,825,0,3123,0,0,0,0,3168,1065,2103
250603,E-MINI S&P UTILITIES INDEX - CHICAGO MERCANTILE EXCHANGE,13874J,4000,27846,0,-23846,18968,182,480,18786,3582,738,0,2844,0,221,0,-221,3072,635,2437
250527,E-MINI S&P UTILITIES INDEX - CHICAGO MERCANTILE EXCHANGE,13874J,4000,28734,0,-24734,20527,182,480,20345,3808,781,0,3027,0,690,0,-690,2994,942,2052
250520,E-MINI S&P UTILITIES INDEX - CHICAGO MERCANTILE EXCHANGE,13874J,4000,27739,0,-23739,20600,182,480,20418,3395,785,0,2610,0,1284,0,-1284,3037,1042,1995
250513,E-MINI S&P UTILITIES INDEX - CHICAGO MERCANTILE EXCHANGE,13874J,5001,27596,0,-22595,19893,1707,1052,18186,2943,736,0,2207,0,0,0,0,3348,1146,2202
250506,E-MINI S&P UTILITIES INDEX - CHICAGO MERCANTILE EXCHANGE,13874J,2778,28033,0,-25255,24280,182,150,24098,3128,820,0,2308,0,0,0,0,2907,4058,-1151
250429,E-MINI S&P UTILITIES INDEX - CHICAGO MERCANTILE EXCHANGE,13874J,2778,30761,0,-27983,23751,182,150,23569,3064,790,0,2274,0,0,0,0,3237,1097,2140
250422,E-MINI S&P UTILITIES INDEX - CHICAGO MERCANTILE EXCHANGE,13874J,2778,32709,0,-29931,26239,0,0,26239,2725,928,0,1797,0,0,0,0,2937,1042,1895
250415,E-MINI S&P UTILITIES INDEX - CHICAGO MERCANTILE EXCHANGE,13874J,2778,32601,0,-29823,25551,0,0,25551,2640,723,0,1917,0,0,0,0,3168,813,2355
250408,E-MINI S&P UTILITIES INDEX - CHICAGO MERCANTILE EXCHANGE,13874J,571,39797,0,-39226,34557,0,0,34557,2745,781,0,1964,0,0,0,0,3429,724,2705
250401,E-MINI S&P UTILITIES INDEX - CHICAGO MERCANTILE EXCHANGE,13874J,571,35434,0,-34863,31015,0,0,31015,2488,1213,0,1275,0,0,0,0,4022,1449,2573
250325,E-MINI S&P UTILITIES INDEX - CHICAGO MERCANTILE EXCHANGE,13874J,571,37181,0,-36610,34893,0,0,34893,2027,902,0,1125,0,0,0,0,3404,2812,592
250318,E-MINI S&P UTILITIES INDEX - CHICAGO MERCANTILE EXCHANGE,13874J,951,35953,9990,-35002,30568,223,0,30345,1828,1602,241,226,0,0,0,0,6270,1839,4431
250311,E-MINI S&P UTILITIES INDEX - CHICAGO MERCANTILE EXCHANGE,13874J,951,28197,0,-27246,20881,223,0,20658,2157,1184,0,973,0,218,0,-218,6518,685,5833
250304,E-MINI S&P UTILITIES INDEX - CHICAGO MERCANTILE EXCHANGE,13874J,8653,20848,0,-12195,10532,2949,93,7583,2571,771,0,1800,0,218,0,-218,3849,819,3030
250225,E-MINI S&P UTILITIES INDEX - CHICAGO MERCANTILE EXCHANGE,13874J,3382,20067,0,-16685,12499,285,93,12214,2703,814,0,1889,0,218,0,-218,3640,840,2800
250218,E-MINI S&P UTILITIES INDEX - CHICAGO MERCANTILE EXCHANGE,13874J,3436,19695,0,-16259,11909,285,93,11624,3310,759,0,2551,0,218,0,-218,3235,933,2302
250211,E-MINI S&P UTILITIES INDEX - CHICAGO MERCANTILE EXCHANGE,13874J,3632,19689,0,-16057,11409,285,93,11124,3301,500,0,2801,0,218,0,-218,3224,874,2350
250204,E-MINI S&P UTILITIES INDEX - CHICAGO MERCANTILE EXCHANGE,13874J,3681,12829,0,-9148,6875,2424,93,4451,3017,500,0,2517,0,218,0,-218,3217,819,2398
250128,E-MINI S&P UTILITIES INDEX - CHICAGO MERCANTILE EXCHANGE,13874J,3788,12786,0,-8998,6871,3598,93,3273,2180,500,0,1680,0,218,0,-218,5164,901,4263
250121,E-MINI S&P UTILITIES INDEX - CHICAGO MERCANTILE EXCHANGE,13874J,4406,12446,0,-8040,6229,2376,93,3853,1229,729,0,500,0,218,0,-218,4545,640,3905
250114,E-MINI S&P UTILITIES INDEX - CHICAGO MERCANTILE EXCHANGE,13874J,7054,11920,0,-4866,7076,5032,93,2044,1079,892,0,187,0,218,0,-218,3575,722,2853
250107,E-MINI S&P UTILITIES INDEX - CHICAGO MERCANTILE EXCHANGE,13874J,7013,10641,0,-3628,7105,6809,151,296,1039,892,0,147,0,218,0,-218,4146,743,3403
250729,E-MINI S&P COMMUNICATION INDEX - CHICAGO MERCANTILE EXCHANGE,13874P,3423,23390,0,-19967,18046,0,0,18046,400,599,0,-199,400,0,0,400,2111,391,1720
250722,E-MINI S&P COMMUNICATION INDEX - CHICAGO MERCANTILE EXCHANGE,13874P,3371,23122,0,-19751,17951,0,0,17951,400,825,0,-425,400,0,0,400,2130,305,1825
250715,E-MINI S&P COMMUNICATION INDEX - CHICAGO MERCANTILE EXCHANGE,13874P,3296,23144,0,-19848,17891,0,0,17891,400,487,0,-87,400,0,0,400,1986,342,1644
250708,E-MINI S&P COMMUNICATION INDEX - CHICAGO MERCANTILE EXCHANGE,13874P,3063,22909,0,-19846,18938,0,0,18938,606,395,0,211,0,744,0,-744,1780,339,1441
250701,E-MINI S&P COMMUNICATION INDEX - CHICAGO MERCANTILE EXCHANGE,13874P,2959,22184,0,-19225,18218,0,0,18218,400,0,0,400,0,792,0,-792,1777,378,1399
250617,E-MINI S&P COMMUNICATION INDEX - CHICAGO MERCANTILE EXCHANGE,13874P,2135,17002,12917,-14867,16945,0,0,16945,400,327,0,73,0,2869,0,-2869,1599,881,718
250610,E-MINI S&P COMMUNICATION INDEX - CHICAGO MERCANTILE EXCHANGE,13874P,2868,16469,0,-13601,16063,0,0,16063,400,632,0,-232,0,3205,0,-3205,1498,523,975
250603,E-MINI S&P COMMUNICATION INDEX - CHICAGO MERCANTILE EXCHANGE,13874P,2868,14975,0,-12107,14426,0,0,14426,640,324,0,316,0,3250,0,-3250,1330,715,615
250520,E-MINI S&P COMMUNICATION INDEX - CHICAGO MERCANTILE EXCHANGE,13874P,2802,12205,0,-9403,12321,0,20,12321,400,465,0,-65,0,3616,0,-3616,1255,492,763
250506,E-MINI S&P COMMUNICATION INDEX - CHICAGO MERCANTILE EXCHANGE,13874P,3484,11459,2,-7975,9209,1893,20,7316,400,204,0,196,0,0,0,0,1044,581,463
250429,E-MINI S&P COMMUNICATION INDEX - CHICAGO MERCANTILE EXCHANGE,13874P,4671,11232,0,-6561,9370,3430,20,5940,638,386,0,252,0,0,0,0,1011,642,369
250422,E-MINI S&P COMMUNICATION INDEX - CHICAGO MERCANTILE EXCHANGE,13874P,4459,11110,0,-6651,9320,3385,20,5935,638,325,0,313,0,0,0,0,1138,735,403
250318,E-MINI S&P COMMUNICATION INDEX - CHICAGO MERCANTILE EXCHANGE,13874P,2966,10844,4095,-7878,8146,1899,20,6247,645,0,0,645,0,0,0,0,3016,2030,986
250211,E-MINI S&P COMMUNICATION INDEX - CHICAGO MERCANTILE EXCHANGE,13874P,2342,10083,0,-7741,6745,629,140,6116,830,0,0,830,0,0,0,0,1288,493,795
250729,MICRO E-MINI S&P 500 INDEX - CHICAGO MERCANTILE EXCHANGE,13874U,32387,17083,0,15304,24610,8473,1454,16137,91497,79011,8238,12486,1976,9368,0,-7392,72218,108753,-36535
250722,MICRO E-MINI S&P 500 INDEX - CHICAGO MERCANTILE EXCHANGE,13874U,28376,15506,0,12870,20827,10232,1510,10595,81898,68279,7239,13619,2884,5717,7,-2833,65975,100226,-34251
250715,MICRO E-MINI S&P 500 INDEX - CHICAGO MERCANTILE EXCHANGE,13874U,20962,15359,0,5603,24980,4922,1716,20058,46631,42941,5807,3690,3640,4043,1,-403,66973,95921,-28948
250708,MICRO E-MINI S&P 500 INDEX - CHICAGO MERCANTILE EXCHANGE,13874U,9446,16380,0,-6934,26383,4462,1088,21921,55390,33167,5200,22223,1890,1753,1,137,63653,101000,-37347
250701,MICRO E-MINI S&P 500 INDEX - CHICAGO MERCANTILE EXCHANGE,13874U,8789,17511,0,-8722,23843,2613,1245,21230,33466,4840,6434,28626,1150,1769,0,-619,60846,101361,-40515
250624,MICRO E-MINI S&P 500 INDEX - CHICAGO MERCANTILE EXCHANGE,13874U,11936,0,0,11936,24691,2459,1111,22232,20654,30666,1869,-10012,2547,0,46,2547,56670,83373,-26703
250617,MICRO E-MINI S&P 500 INDEX - CHICAGO MERCANTILE EXCHANGE,13874U,11883,28899,198,-17016,26747,2213,1161,24534,82778,102729,34784,-19951,5394,8422,0,-3028,67643,52182,15461
250610,MICRO E-MINI S&P 500 INDEX - CHICAGO MERCANTILE EXCHANGE,13874U,9333,29477,0,-20144,27273,757,1037,26516,73318,67433,3271,5885,1750,9369,0,-7619,63124,67762,-4638
250603,MICRO E-MINI S&P 500 INDEX - CHICAGO MERCANTILE EXCHANGE,13874U,9798,26897,0,-17099,27108,702,1187,26406,59897,54692,3758,5205,1750,8820,0,-7070,60708,68150,-7442
250527,MICRO E-MINI S&P 500 INDEX - CHICAGO MERCANTILE EXCHANGE,13874U,7831,33079,0,-25248,29364,2061,1125,27303,67195,48338,2501,18857,1750,9345,0,-7595,63772,77089,-13317
250520,MICRO E-MINI S&P 500 INDEX - CHICAGO MERCANTILE EXCHANGE,13874U,4631,28784,0,-24153,26561,4105,1031,22456,65519,39220,2947,26299,1750,7402,14,-5652,61349,80299,-18950
250513,MICRO E-MINI S&P 500 INDEX - CHICAGO MERCANTILE EXCHANGE,13874U,13893,19564,0,-5671,30665,1441,1301,29224,59982,39617,2742,20365,1750,11867,0,-10117,56941,90742,-33801
250506,MICRO E-MINI S&P 500 INDEX - CHICAGO MERCANTILE EXCHANGE,13874U,40003,0,75,40003,29889,4224,1259,25665,27759,51036,2011,-23277,1750,11803,0,-10053,58698,91036,-32338
250429,MICRO E-MINI S&P 500 INDEX - CHICAGO MERCANTILE EXCHANGE,13874U,32739,0,75,32739,30041,2377,1337,27664,36372,39340,3297,-2968,1750,6549,25,-4799,57219,109855,-52636
250422,MICRO E-MINI S&P 500 INDEX - CHICAGO MERCANTILE EXCHANGE,13874U,26119,0,75,26119,31417,3022,1545,28395,22774,27657,3957,-4883,1750,7470,64,-5720,62292,106203,-43911
250415,MICRO E-MINI S&P 500 INDEX - CHICAGO MERCANTILE EXCHANGE,13874U,40170,0,74,40170,27539,1347,1343,26192,22230,39570,3162,-17340,1750,6466,166,-4716,60076,104382,-44306
250408,MICRO E-MINI S&P 500 INDEX - CHICAGO MERCANTILE EXCHANGE,13874U,53499,0,54,53499,27863,5178,2359,22685,12118,64853,1876,-52735,1100,6530,55,-5430,72288,90307,-18019
250401,MICRO E-MINI S&P 500 INDEX - CHICAGO MERCANTILE EXCHANGE,13874U,21451,0,0,21451,22872,1216,1305,21656,11282,32547,251,-21265,1465,6281,30,-4816,70014,87040,-17026
250325,MICRO E-MINI S&P 500 INDEX - CHICAGO MERCANTILE EXCHANGE,13874U,0,0,0,0,21533,1075,1199,20458,7938,19549,287,-11611,2883,4672,0,-1789,67156,74214,-7058
250318,MICRO E-MINI S&P 500 INDEX - CHICAGO MERCANTILE EXCHANGE,13874U,40916,3444,1,37472,19046,0,739,19046,113635,80658,41604,32977,3239,13480,0,-10241,89016,168270,-79254
250311,MICRO E-MINI S&P 500 INDEX - CHICAGO MERCANTILE EXCHANGE,13874U,33962,2969,266,30993,20486,0,11,20486,99777,84249,6893,15528,4756,8977,0,-4221,91298,154084,-62786
250304,MICRO E-MINI S&P 500 INDEX - CHICAGO MERCANTILE EXCHANGE,13874U,23414,3057,0,20357,15255,0,32,15255,83870,83812,1990,58,2684,5365,0,-2681,85925,118914,-32989
250225,MICRO E-MINI S&P 500 INDEX - CHICAGO MERCANTILE EXCHANGE,13874U,19946,1560,0,18386,15311,0,71,15311,65680,88667,1270,-22987,2456,4460,0,-2004,81980,90686,-8706
250218,MICRO E-MINI S&P 500 INDEX - CHICAGO MERCANTILE EXCHANGE,13874U,5370,0,0,5370,17095,0,299,17095,64352,69853,341,-5501,1255,5228,0,-3973,67012,80003,-12991
250211,MICRO E-MINI S&P 500 INDEX - CHICAGO MERCANTILE EXCHANGE,13874U,7610,0,0,7610,15163,595,1041,14568,53478,62170,362,-8692,1250,8421,0,-7171,66984,73299,-6315
250204,MICRO E-MINI S&P 500 INDEX - CHICAGO MERCANTILE EXCHANGE,13874U,9844,1253,0,8591,15609,2503,1505,13106,40061,61855,1257,-21794,1219,7131,0,-5912,68794,62785,6009
250128,MICRO E-MINI S&P 500 INDEX - CHICAGO MERCANTILE EXCHANGE,13874U,8660,0,0,8660,23189,4522,1658,18667,31060,56454,1126,-25394,0,2791,0,-2791,70475,69617,858
250121,MICRO E-MINI S&P 500 INDEX - CHICAGO MERCANTILE EXCHANGE,13874U,5368,0,0,5368,26210,0,481,26210,18560,45952,2109,-27392,0,1642,0,-1642,68454,70998,-2544
250114,MICRO E-MINI S&P 500 INDEX - CHICAGO MERCANTILE EXCHANGE,13874U,7546,0,0,7546,31132,1978,1165,29154,10321,44118,1128,-33797,1786,0,0,1786,76321,81010,-4689
250107,MICRO E-MINI S&P 500 INDEX - CHICAGO MERCANTILE EXCHANGE,13874U,5874,0,0,5874,30714,4941,1356,25773,12429,35630,1924,-23201,1963,0,0,1963,72181,82590,-10409
250729,ADJUSTED INT RATE S&P 500 TOTL - CHICAGO MERCANTILE EXCHANGE,13874W,216490,204077,258334,12413,1634,80650,6255,-79016,121110,68691,213254,52419,20136,0,5514,20136,4455,10407,-5952
250722,ADJUSTED INT RATE S&P 500 TOTL - CHICAGO MERCANTILE EXCHANGE,13874W,220830,205098,244489,15732,1634,80650,5755,-79016,116589,68169,206505,48420,20136,0,5514,20136,4035,9307,-5272
250715,ADJUSTED INT RATE S&P 500 TOTL - CHICAGO MERCANTILE EXCHANGE,13874W,219292,209406,242583,9886,1634,80650,5255,-79016,120669,66613,207897,54056,20136,0,5200,20136,4175,9237,-5062
250708,ADJUSTED INT RATE S&P 500 TOTL - CHICAGO MERCANTILE EXCHANGE,13874W,210525,211146,224702,-621,1634,80650,5255,-79016,130003,65444,198903,64559,20136,0,5200,20136,3794,8852,-5058
250701,ADJUSTED INT RATE S&P 500 TOTL - CHICAGO MERCANTILE EXCHANGE,13874W,208275,212246,219152,-3971,1634,80650,4155,-79016,131803,63594,196378,68209,20136,0,5200,20136,5594,10952,-5358
250624,ADJUSTED INT RATE S&P 500 TOTL - CHICAGO MERCANTILE EXCHANGE,13874W,206673,211485,209105,-4812,1634,80650,2355,-79016,130459,61702,189121,68757,20136,0,5200,20136,4344,9409,-5065
250617,ADJUSTED INT RATE S&P 500 TOTL - CHICAGO MERCANTILE EXCHANGE,13874W,228472,207155,275618,21317,1634,81650,2355,-80016,105216,60457,229072,44759,16666,0,11270,16666,6260,8986,-2726
250610,ADJUSTED INT RATE S&P 500 TOTL - CHICAGO MERCANTILE EXCHANGE,13874W,233321,210355,233222,22966,1634,80650,2355,-79016,110585,68123,223919,42462,16166,0,10734,16166,4906,7484,-2578
250603,ADJUSTED INT RATE S&P 500 TOTL - CHICAGO MERCANTILE EXCHANGE,13874W,234436,209280,215998,25156,1634,82620,2685,-80986,109006,68188,209038,40818,15916,0,9834,15916,4247,5151,-904
250527,ADJUSTED INT RATE S&P 500 TOTL - CHICAGO MERCANTILE EXCHANGE,13874W,236211,208800,205886,27411,1634,82620,2685,-80986,107306,67743,195937,39563,15916,0,9834,15916,5722,7626,-1904
250520,ADJUSTED INT RATE S&P 500 TOTL - CHICAGO MERCANTILE EXCHANGE,13874W,238537,208000,203868,30537,1634,82620,2685,-80986,103563,67625,187442,35938,15916,0,9584,15916,5412,6817,-1405
250513,ADJUSTED INT RATE S&P 500 TOTL - CHICAGO MERCANTILE EXCHANGE,13874W,243912,205185,174308,38727,1634,79120,2685,-77486,94093,67860,181536,26233,14416,0,10384,14416,5182,7072,-1890
250506,ADJUSTED INT RATE S&P 500 TOTL - CHICAGO MERCANTILE EXCHANGE,13874W,240417,204635,181430,35782,1634,79120,2685,-77486,96538,64460,180938,32078,14166,0,10384,14166,4932,9472,-4540
250429,ADJUSTED INT RATE S&P 500 TOTL - CHICAGO MERCANTILE EXCHANGE,13874W,237066,207935,183456,29131,1634,79120,2685,-77486,97358,60779,180159,36579,13166,0,8884,13166,4432,5822,-1390
250422,ADJUSTED INT RATE S&P 500 TOTL - CHICAGO MERCANTILE EXCHANGE,13874W,226366,208060,184291,18306,1634,79120,2685,-77486,99092,51694,179472,47398,13166,0,8884,13166,3937,5321,-1384
250415,ADJUSTED INT RATE S&P 500 TOTL - CHICAGO MERCANTILE EXCHANGE,13874W,228972,216197,184108,12775,1634,79120,2685,-77486,103216,50537,184361,52679,14166,0,7884,14166,4687,6821,-2134
250408,ADJUSTED INT RATE S&P 500 TOTL - CHICAGO MERCANTILE EXCHANGE,13874W,208685,222047,169156,-13362,1634,77820,2685,-76186,131324,53600,198118,77724,14166,0,6884,14166,3217,5559,-2342
250401,ADJUSTED INT RATE S&P 500 TOTL - CHICAGO MERCANTILE EXCHANGE,13874W,207060,223001,146020,-15941,1634,76220,3785,-74586,133334,53600,186345,79734,14166,0,6134,14166,4057,7430,-3373
250325,ADJUSTED INT RATE S&P 500 TOTL - CHICAGO MERCANTILE EXCHANGE,13874W,204310,219952,145492,-15642,1634,76220,3785,-74586,132479,53500,178026,78979,14166,0,7884,14166,3034,5951,-2917
250318,ADJUSTED INT RATE S&P 500 TOTL - CHICAGO MERCANTILE EXCHANGE,13874W,207114,202539,264198,4575,1634,76220,3785,-74586,122842,56196,198602,66646,7414,0,16252,7414,4901,8950,-4049
250311,ADJUSTED INT RATE S&P 500 TOTL - CHICAGO MERCANTILE EXCHANGE,13874W,203364,195730,241689,7634,1634,76220,3785,-74586,120153,54526,194960,65627,6414,0,16636,6414,4460,9549,-5089
250304,ADJUSTED INT RATE S&P 500 TOTL - CHICAGO MERCANTILE EXCHANGE,13874W,205591,186141,217494,19450,1634,74620,3785,-72986,109030,56242,176129,52788,5814,0,14136,5814,9998,15064,-5066
250225,ADJUSTED INT RATE S&P 500 TOTL - CHICAGO MERCANTILE EXCHANGE,13874W,206637,183996,224472,22641,1634,74620,3785,-72986,107378,58057,179839,49321,5814,0,12136,5814,11844,16634,-4790
250218,ADJUSTED INT RATE S&P 500 TOTL - CHICAGO MERCANTILE EXCHANGE,13874W,215290,173747,213663,41543,1634,73040,3865,-71406,93601,63930,182485,29671,4314,0,12386,4314,11111,15233,-4122
250211,ADJUSTED INT RATE S&P 500 TOTL - CHICAGO MERCANTILE EXCHANGE,13874W,215722,174047,209813,41675,1634,73040,3865,-71406,92854,64002,191508,28852,4314,0,12386,4314,7282,10717,-3435
250204,ADJUSTED INT RATE S&P 500 TOTL - CHICAGO MERCANTILE EXCHANGE,13874W,215127,171515,193492,43612,1634,74040,3865,-72406,90089,61959,206860,28130,4064,0,10386,4064,5022,8422,-3400
250128,ADJUSTED INT RATE S&P 500 TOTL - CHICAGO MERCANTILE EXCHANGE,13874W,207850,170630,189118,37220,1634,74040,3865,-72406,90520,60192,192177,30328,8596,0,10386,8596,3522,7260,-3738
250121,ADJUSTED INT RATE S&P 500 TOTL - CHICAGO MERCANTILE EXCHANGE,13874W,207440,170522,179792,36918,1634,73400,3865,-71766,86423,55791,159362,30632,8596,0,10386,8596,5330,9710,-4380
250114,ADJUSTED INT RATE S&P 500 TOTL - CHICAGO MERCANTILE EXCHANGE,13874W,214097,171222,218234,42875,1634,68500,4115,-66866,77524,57179,194903,20345,7845,0,10386,7845,5110,9309,-4199
250107,ADJUSTED INT RATE S&P 500 TOTL - CHICAGO MERCANTILE EXCHANGE,13874W,213428,181679,227855,31749,1634,69000,4115,-67366,88902,57980,178917,30922,7395,0,8136,7395,6064,8764,-2700
250729,NASDAQ-100 Consolidated - CHICAGO MERCANTILE EXCHANGE,20974+,54205,119996,6152,-65791,103869,30372,4671,73497,62001,80600,9151,-18599,11963,5159,867,6804,40767,36678,4089
250722,NASDAQ-100 Consolidated - CHICAGO MERCANTILE EXCHANGE,20974+,49424,116337,5492,-66913,96649,31017,5296,65632,49879,71361,8899,-21482,23480,5831,112,17649,42305,37191,5114
250715,NASDAQ-100 Consolidated - CHICAGO MERCANTILE EXCHANGE,20974+,48313,120985,4958,-72672,98776,30589,3548,68187,54678,71263,8252,-16585,22195,5893,93,16302,41081,36313,4768
250708,NASDAQ-100 Consolidated - CHICAGO MERCANTILE EXCHANGE,20974+,46850,119765,4302,-72915,93282,31906,6130,61376,59326,66787,10209,-7461,16468,6657,108,9811,43214,34025,9189
250701,NASDAQ-100 Consolidated - CHICAGO MERCANTILE EXCHANGE,20974+,48047,110991,3388,-62944,90760,35797,6495,54963,59078,71595,7867,-12517,14191,4334,777,9857,43565,32923,10642
250624,NASDAQ-100 Consolidated - CHICAGO MERCANTILE EXCHANGE,20974+,46948,85248,1481,-38300,89391,39567,4431,49824,49552,79166,8725,-29614,19505,5793,137,13712,39779,35400,4379
250617,NASDAQ-100 Consolidated - CHICAGO MERCANTILE EXCHANGE,20974+,57046,72947,27249,-15901,95143,39821,5663,55322,43278,98694,33659,-55416,20304,7010,661,13294,51935,49233,2702
250610,NASDAQ-100 Consolidated - CHICAGO MERCANTILE EXCHANGE,20974+,62728,75551,7646,-12823,92721,38897,4207,53824,45276,97043,19243,-51767,13768,8118,1069,5650,52013,46897,5116
250603,NASDAQ-100 Consolidated - CHICAGO MERCANTILE EXCHANGE,20974+,59897,68633,7889,-8736,93380,38827,3683,54553,44221,104914,18957,-60693,17341,7913,824,9428,51935,46487,5448
250527,NASDAQ-100 Consolidated - CHICAGO MERCANTILE EXCHANGE,20974+,63528,62462,6265,1066,90322,38742,3858,51580,46880,107270,20816,-60390,11520,7580,686,3940,51717,47913,3804
250520,NASDAQ-100 Consolidated - CHICAGO MERCANTILE EXCHANGE,20974+,76725,59871,6152,16854,88281,38950,4528,49331,46184,113200,21560,-67016,8480,7360,705,1120,48495,48785,-290
250513,NASDAQ-100 Consolidated - CHICAGO MERCANTILE EXCHANGE,20974+,78594,57522,4206,21072,85032,41669,5962,43363,49535,120159,21948,-70624,13031,7568,493,5463,48690,47964,726
250506,NASDAQ-100 Consolidated - CHICAGO MERCANTILE EXCHANGE,20974+,61437,57134,5407,4303,81977,40761,6007,41216,46175,98984,20374,-52809,14469,6849,480,7620,44124,44455,-331
250429,NASDAQ-100 Consolidated - CHICAGO MERCANTILE EXCHANGE,20974+,57193,64890,5144,-7697,83601,43741,5347,39860,40341,79959,17880,-39618,12075,5279,499,6796,43724,43064,660
250422,NASDAQ-100 Consolidated - CHICAGO MERCANTILE EXCHANGE,20974+,47261,79385,4709,-32124,85041,51287,4779,33754,45980,56909,15683,-10929,10953,8230,322,2723,42542,35967,6575
250415,NASDAQ-100 Consolidated - CHICAGO MERCANTILE EXCHANGE,20974+,45859,74590,4356,-28731,88071,47982,3259,40089,41642,63580,15433,-21938,12594,6131,454,6463,38001,33884,4117
250408,NASDAQ-100 Consolidated - CHICAGO MERCANTILE EXCHANGE,20974+,39959,83757,4974,-43798,87141,49711,6190,37430,64374,62615,11340,1759,13145,15247,539,-2102,39097,32386,6711
250401,NASDAQ-100 Consolidated - CHICAGO MERCANTILE EXCHANGE,20974+,41033,77411,3934,-36378,92898,45284,4792,47614,45875,78239,8358,-32364,13851,7031,300,6820,46078,31769,14309
250325,NASDAQ-100 Consolidated - CHICAGO MERCANTILE EXCHANGE,20974+,42186,63749,4400,-21563,90110,50112,4065,39998,30114,65561,4962,-35447,9292,6768,359,2524,45743,31254,14489
250318,NASDAQ-100 Consolidated - CHICAGO MERCANTILE EXCHANGE,20974+,34316,93585,16315,-59269,83392,49232,10928,34160,57757,66975,33188,-9218,18029,6858,11121,11171,55432,32276,23156
250311,NASDAQ-100 Consolidated - CHICAGO MERCANTILE EXCHANGE,20974+,31703,118091,9890,-86388,89876,51022,7516,38854,70931,74874,19797,-3943,31502,7394,1509,24108,56696,29328,27368
250304,NASDAQ-100 Consolidated - CHICAGO MERCANTILE EXCHANGE,20974+,30741,107030,11252,-76289,98223,49517,5126,48706,57481,78075,16455,-20594,33491,6238,1197,27253,50426,29502,20924
250225,NASDAQ-100 Consolidated - CHICAGO MERCANTILE EXCHANGE,20974+,35607,105257,9967,-69650,103894,45171,4683,58723,49778,84612,14047,-34834,30805,3790,1119,27015,51492,32744,18748
250218,NASDAQ-100 Consolidated - CHICAGO MERCANTILE EXCHANGE,20974+,43020,86929,7752,-43909,109363,42777,2953,66586,35308,103650,15460,-68342,46572,5985,1090,40587,42198,37121,5077
250211,NASDAQ-100 Consolidated - CHICAGO MERCANTILE EXCHANGE,20974+,38678,82417,6979,-43739,107132,41911,3998,65221,35021,87838,13483,-52817,28236,5009,1169,23227,41670,33563,8107
250204,NASDAQ-100 Consolidated - CHICAGO MERCANTILE EXCHANGE,20974+,35228,82002,5746,-46774,101199,41876,4089,59323,37317,85909,14109,-48592,29680,4441,1166,25239,42812,32007,10805
250128,NASDAQ-100 Consolidated - CHICAGO MERCANTILE EXCHANGE,20974+,32573,84146,5931,-51573,100985,41860,4579,59125,40002,90156,13150,-50154,36177,4799,1057,31378,45063,33840,11223
250121,NASDAQ-100 Consolidated - CHICAGO MERCANTILE EXCHANGE,20974+,33112,95661,6430,-62549,97058,35956,4252,61102,37722,78467,8953,-40745,28112,3607,413,24505,47387,29701,17686
250114,NASDAQ-100 Consolidated - CHICAGO MERCANTILE EXCHANGE,20974+,31569,93468,6148,-61899,98997,33522,5285,65475,43254,82724,6488,-39470,25301,3861,212,21440,44209,29754,14455
250107,NASDAQ-100 Consolidated - CHICAGO MERCANTILE EXCHANGE,20974+,31488,93153,5562,-61665,95783,30576,4290,65207,37186,77467,4214,-40281,24828,3170,23,21658,44437,29356,15081
250729,NASDAQ MINI - CHICAGO MERCANTILE EXCHANGE,209742,54789,120073,2927,-65284,103535,30272,4664,73263,61680,83165,4105,-21485,12179,4452,587,7727,37296,31517,5779
250722,NASDAQ MINI - CHICAGO MERCANTILE EXCHANGE,209742,49992,116122,2542,-66130,96346,30929,5289,65417,49469,73398,4995,-23929,23269,5031,106,18238,38964,32560,6404
250715,NASDAQ MINI - CHICAGO MERCANTILE EXCHANGE,209742,48891,119581,2838,-70690,98504,30303,3541,68201,54088,74562,3774,-20474,21912,5266,89,16646,38024,31707,6317
250708,NASDAQ MINI - CHICAGO MERCANTILE EXCHANGE,209742,47206,117968,2859,-70762,93003,31617,6124,61386,58579,69668,6120,-11089,16281,6231,104,10050,40146,29731,10415
250701,NASDAQ MINI - CHICAGO MERCANTILE EXCHANGE,209742,47980,108725,2677,-60745,90477,35431,6488,55046,58273,73957,4434,-15684,14295,4113,580,10182,40189,28988,11201
250624,NASDAQ MINI - CHICAGO MERCANTILE EXCHANGE,209742,46925,84219,1228,-37294,89165,39187,4424,49978,48555,80565,6893,-32010,19380,5589,73,13791,36687,31152,5535
250617,NASDAQ MINI - CHICAGO MERCANTILE EXCHANGE,209742,57205,72664,23743,-15459,94954,39512,5656,55442,55516,100288,17095,-44772,19932,6751,594,13181,37084,45476,-8392
250610,NASDAQ MINI - CHICAGO MERCANTILE EXCHANGE,209742,63054,76121,4372,-13067,92286,38602,4178,53684,57702,98617,3304,-40915,13901,7938,637,5963,37454,43119,-5665
250603,NASDAQ MINI - CHICAGO MERCANTILE EXCHANGE,209742,60145,68881,5122,-8736,93035,38773,3654,54262,55854,106034,4020,-50180,17501,7631,428,9870,37275,42491,-5216
250527,NASDAQ MINI - CHICAGO MERCANTILE EXCHANGE,209742,62286,63328,4747,-1042,90050,38667,3851,51383,59208,106976,6239,-47768,11701,7417,222,4284,36839,43696,-6857
250520,NASDAQ MINI - CHICAGO MERCANTILE EXCHANGE,209742,73255,60448,4840,12807,87928,38586,4521,49342,59596,112289,6686,-52693,8614,7263,208,1351,33720,44527,-10807
250513,NASDAQ MINI - CHICAGO MERCANTILE EXCHANGE,209742,73693,59349,1918,14344,84784,41464,5934,43320,63527,117514,6416,-53987,13042,7325,95,5717,34258,43652,-9394
250506,NASDAQ MINI - CHICAGO MERCANTILE EXCHANGE,209742,56739,58754,3387,-2015,81590,40481,5997,41109,58695,95365,6244,-36670,14462,6793,89,7669,31046,41139,-10093
250429,NASDAQ MINI - CHICAGO MERCANTILE EXCHANGE,209742,53516,66022,3651,-12506,83296,43576,5318,39720,51301,77657,5163,-26356,11940,5227,256,6713,32433,40004,-7571
250422,NASDAQ MINI - CHICAGO MERCANTILE EXCHANGE,209742,44889,80519,3222,-35630,84823,51147,4739,33676,55399,55727,4560,-328,10848,8131,199,2717,33405,33840,-435
250415,NASDAQ MINI - CHICAGO MERCANTILE EXCHANGE,209742,43320,75399,3195,-32079,87831,48006,3229,39825,50242,63635,3972,-13393,12623,6015,244,6608,30750,31711,-961
250408,NASDAQ MINI - CHICAGO MERCANTILE EXCHANGE,209742,37898,84731,3555,-46833,86968,49741,6152,37227,67920,62300,3649,5620,13057,15238,175,-2181,35189,29022,6167
250401,NASDAQ MINI - CHICAGO MERCANTILE EXCHANGE,209742,40641,77881,3008,-37240,92734,45284,4783,47450,48832,79374,2575,-30542,13848,6850,5,6998,41232,27898,13334
250325,NASDAQ MINI - CHICAGO MERCANTILE EXCHANGE,209742,42142,63762,4046,-21620,89845,50112,4065,39733,30225,66115,2497,-35890,9331,6748,18,2583,42020,26826,15194
250318,NASDAQ MINI - CHICAGO MERCANTILE EXCHANGE,209742,33981,99974,9268,-65993,83175,49232,10926,33943,67212,66155,19397,1057,18919,6389,9903,12530,48736,30273,18463
250311,NASDAQ MINI - CHICAGO MERCANTILE EXCHANGE,209742,31452,123584,4137,-92132,89490,51022,7508,38468,79012,74346,8680,4666,31912,6907,670,25005,50223,26230,23993
250304,NASDAQ MINI - CHICAGO MERCANTILE EXCHANGE,209742,30430,113543,4541,-83113,98027,49497,5118,48530,66893,78548,3993,-11655,33812,6030,361,27782,44972,26516,18456
250225,NASDAQ MINI - CHICAGO MERCANTILE EXCHANGE,209742,35302,110037,5022,-74735,103665,45133,4673,58532,56135,84006,4426,-27871,31069,3534,359,27535,45463,28924,16539
250218,NASDAQ MINI - CHICAGO MERCANTILE EXCHANGE,209742,42759,89229,5295,-46470,109185,42730,2947,66455,40127,108348,3340,-68221,46917,5612,343,41305,38847,31916,6931
250211,NASDAQ MINI - CHICAGO MERCANTILE EXCHANGE,209742,38275,84534,4727,-46259,106956,41743,3992,65213,39736,92040,2464,-52304,28672,4746,392,23926,38295,28871,9424
250204,NASDAQ MINI - CHICAGO MERCANTILE EXCHANGE,209742,34956,83161,4421,-48205,100914,41668,4076,59246,42084,90836,2707,-48752,30079,4201,372,25878,39452,27619,11833
250128,NASDAQ MINI - CHICAGO MERCANTILE EXCHANGE,209742,32193,85233,4672,-53040,100698,41626,4573,59072,44031,93956,3521,-49925,36423,4597,562,31826,41209,29142,12067
250121,NASDAQ MINI - CHICAGO MERCANTILE EXCHANGE,209742,32931,96574,5353,-63643,96783,35773,4247,61010,40151,80303,2897,-40152,27973,3353,258,24620,43768,25603,18165
250114,NASDAQ MINI - CHICAGO MERCANTILE EXCHANGE,209742,31410,94423,5034,-63013,98754,33234,5280,65520,44226,81635,4068,-37409,25056,3670,10,21386,40041,26525,13516
250107,NASDAQ MINI - CHICAGO MERCANTILE EXCHANGE,209742,31364,94000,4550,-62636,95537,30317,4285,65220,37329,76409,2982,-39080,24438,2914,23,21524,40657,25685,14972
250729,MICRO E-MINI NASDAQ-100 INDEX - CHICAGO MERCANTILE EXCHANGE,209747,26407,31475,0,-5068,3341,1001,66,2340,52776,23919,885,28857,638,9867,0,-9229,34714,51614,-16900
250722,MICRO E-MINI NASDAQ-100 INDEX - CHICAGO MERCANTILE EXCHANGE,209747,23824,31652,0,-7828,3025,875,66,2150,42233,17758,910,24475,2106,7996,56,-5890,33406,46313,-12907
250715,MICRO E-MINI NASDAQ-100 INDEX - CHICAGO MERCANTILE EXCHANGE,209747,15418,35243,0,-19825,2718,2857,66,-139,50045,11157,638,38888,2830,6267,39,-3437,30569,46056,-15487
250708,MICRO E-MINI NASDAQ-100 INDEX - CHICAGO MERCANTILE EXCHANGE,209747,10868,32396,0,-21528,2785,2885,64,-100,46840,10557,1521,36283,1865,4258,39,-2393,30679,42941,-12262
250701,MICRO E-MINI NASDAQ-100 INDEX - CHICAGO MERCANTILE EXCHANGE,209747,7781,29772,0,-21991,2832,3660,71,-828,40543,8879,1838,31664,866,4116,62,-3250,33757,39352,-5595
250624,MICRO E-MINI NASDAQ-100 INDEX - CHICAGO MERCANTILE EXCHANGE,209747,2758,12814,0,-10056,2256,3799,74,-1543,27931,3972,355,23959,1855,2650,34,-795,30918,42483,-11565
250617,MICRO E-MINI NASDAQ-100 INDEX - CHICAGO MERCANTILE EXCHANGE,209747,32913,37338,552,-4425,1891,3090,70,-1199,38841,145282,4415,-106441,3716,2594,670,1122,148513,37570,110943
250610,MICRO E-MINI NASDAQ-100 INDEX - CHICAGO MERCANTILE EXCHANGE,209747,29461,27023,23,2438,4559,3162,77,1397,33197,141715,1929,-108518,2907,6036,80,-3129,145594,37782,107812
250603,MICRO E-MINI NASDAQ-100 INDEX - CHICAGO MERCANTILE EXCHANGE,209747,24715,24713,476,2,3661,755,77,2906,30553,135683,2477,-105130,2217,6633,144,-4416,146600,39962,106638
250527,MICRO E-MINI NASDAQ-100 INDEX - CHICAGO MERCANTILE EXCHANGE,209747,27228,6152,375,21076,2719,751,74,1968,18259,144476,4233,-126217,2658,6098,174,-3440,148779,42166,106613
250520,MICRO E-MINI NASDAQ-100 INDEX - CHICAGO MERCANTILE EXCHANGE,209747,47775,7303,42,40472,3532,3638,71,-106,10666,153893,3955,-143227,3454,5762,178,-2308,147747,42578,105169
250513,MICRO E-MINI NASDAQ-100 INDEX - CHICAGO MERCANTILE EXCHANGE,209747,71881,4605,0,67276,2668,2242,88,426,10039,176410,5357,-166371,3707,6243,166,-2536,144322,43117,101205
250506,MICRO E-MINI NASDAQ-100 INDEX - CHICAGO MERCANTILE EXCHANGE,209747,67143,3956,42,63187,3870,2801,99,1069,13111,174500,2989,-161389,3430,3922,549,-492,130783,33158,97625
250429,MICRO E-MINI NASDAQ-100 INDEX - CHICAGO MERCANTILE EXCHANGE,209747,51684,3587,22,48097,3268,1874,70,1394,15350,147971,2217,-132621,3418,2594,353,824,112907,30601,82306
250422,MICRO E-MINI NASDAQ-100 INDEX - CHICAGO MERCANTILE EXCHANGE,209747,38569,3508,22,35061,2522,1745,58,777,15278,121281,1769,-106003,2050,1983,236,67,91366,21268,70098
250415,MICRO E-MINI NASDAQ-100 INDEX - CHICAGO MERCANTILE EXCHANGE,209747,36986,3509,7,33477,2641,0,58,2641,27363,112815,1248,-85452,1552,2997,259,-1445,72513,21734,50779
250408,MICRO E-MINI NASDAQ-100 INDEX - CHICAGO MERCANTILE EXCHANGE,209747,34791,4439,7,30352,2030,0,72,2030,39845,78455,1606,-38610,4250,3461,263,789,39082,33643,5439
250401,MICRO E-MINI NASDAQ-100 INDEX - CHICAGO MERCANTILE EXCHANGE,209747,13160,4539,20,8621,1635,0,86,1635,27514,45733,741,-18219,2975,4759,0,-1784,48456,38709,9747
250325,MICRO E-MINI NASDAQ-100 INDEX - CHICAGO MERCANTILE EXCHANGE,209747,3950,3378,26,572,2645,0,0,2645,22582,18152,956,4430,3015,3605,0,-590,37227,44284,-7057
250318,MICRO E-MINI NASDAQ-100 INDEX - CHICAGO MERCANTILE EXCHANGE,209747,73439,6197,377,67242,2167,0,15,2167,21557,124307,21797,-102750,2875,16460,410,-13585,66957,20031,46926
250311,MICRO E-MINI NASDAQ-100 INDEX - CHICAGO MERCANTILE EXCHANGE,209747,60037,2601,0,57436,3862,0,75,3862,20874,106955,9490,-86081,4135,13101,163,-8966,64726,30977,33749
250304,MICRO E-MINI NASDAQ-100 INDEX - CHICAGO MERCANTILE EXCHANGE,209747,70212,1979,0,68233,1962,200,79,1762,22398,111787,8104,-89389,5008,10298,140,-5290,54539,29855,24684
250225,MICRO E-MINI NASDAQ-100 INDEX - CHICAGO MERCANTILE EXCHANGE,209747,52499,1655,0,50844,2286,378,101,1908,24982,94618,7657,-69636,4685,9885,274,-5200,60286,38202,22084
250218,MICRO E-MINI NASDAQ-100 INDEX - CHICAGO MERCANTILE EXCHANGE,209747,27176,1564,1,25612,1784,472,56,1312,68037,69248,4967,-1211,3788,10964,230,-7176,33511,52048,-18537
250211,MICRO E-MINI NASDAQ-100 INDEX - CHICAGO MERCANTILE EXCHANGE,209747,26555,1352,0,25203,1756,1676,63,80,56938,62064,6098,-5126,3265,10252,146,-6987,33748,46918,-13170
250204,MICRO E-MINI NASDAQ-100 INDEX - CHICAGO MERCANTILE EXCHANGE,209747,15975,1665,0,14310,2852,2081,131,771,60410,58816,5936,1594,3794,10182,150,-6388,33595,43882,-10287
250128,MICRO E-MINI NASDAQ-100 INDEX - CHICAGO MERCANTILE EXCHANGE,209747,16389,1721,0,14668,2871,2336,57,535,50391,52686,5602,-2295,2451,6927,40,-4476,38544,46976,-8432
250121,MICRO E-MINI NASDAQ-100 INDEX - CHICAGO MERCANTILE EXCHANGE,209747,12582,1637,0,10945,2750,1828,51,922,29703,35630,6571,-5927,2935,4088,0,-1153,36189,40976,-4787
250114,MICRO E-MINI NASDAQ-100 INDEX - CHICAGO MERCANTILE EXCHANGE,209747,12728,1582,0,11146,2431,2879,50,-448,9642,30259,4829,-20617,4465,3931,0,534,41675,32290,9385
250107,MICRO E-MINI NASDAQ-100 INDEX - CHICAGO MERCANTILE EXCHANGE,209747,11365,1651,0,9714,2459,2592,52,-133,8531,20540,2354,-12009,3901,2563,0,1338,37798,36708,1090
250729,RUSSELL E-MINI - CHICAGO MERCANTILE EXCHANGE,239742,117531,45920,4617,71611,138991,123699,38092,15292,65450,156094,8639,-90644,6132,9522,21,-3390,27516,20385,7131
250722,RUSSELL E-MINI - CHICAGO MERCANTILE EXCHANGE,239742,120104,49483,3665,70621,139092,127121,30292,11971,64879,142316,7893,-77437,5715,14765,2,-9050,27048,23153,3895
250715,RUSSELL E-MINI - CHICAGO MERCANTILE EXCHANGE,239742,112319,44433,3613,67886,138673,123125,30272,15548,65072,144077,9735,-79005,4388,15821,52,-11433,27444,20440,7004
250708,RUSSELL E-MINI - CHICAGO MERCANTILE EXCHANGE,239742,103791,50983,3516,52808,148124,120447,29767,27677,71923,149520,9568,-77597,5656,13999,38,-8343,25446,19991,5455
250701,RUSSELL E-MINI - CHICAGO MERCANTILE EXCHANGE,239742,100993,52002,2847,48991,143199,118207,29209,24992,71326,146475,8797,-75149,5211,9406,12,-4195,26479,21118,5361
250624,RUSSELL E-MINI - CHICAGO MERCANTILE EXCHANGE,239742,86623,52321,2657,34302,142049,120000,28347,22049,71728,139611,13866,-67883,19476,12983,19,6493,24989,19950,5039
250617,RUSSELL E-MINI - CHICAGO MERCANTILE EXCHANGE,239742,136602,90914,16590,45688,143832,123313,30526,20519,82369,144851,44820,-62482,8358,13021,9010,-4663,29888,28950,938
250610,RUSSELL E-MINI - CHICAGO MERCANTILE EXCHANGE,239742,129584,98106,4989,31478,143414,124967,30237,18447,76755,120894,29675,-44139,6516,12638,549,-6122,25325,24989,336
250603,RUSSELL E-MINI - CHICAGO MERCANTILE EXCHANGE,239742,126143,99229,2859,26914,153015,128143,31573,24872,71612,117051,25001,-45439,9462,11661,836,-2199,24826,28974,-4148
250527,RUSSELL E-MINI - CHICAGO MERCANTILE EXCHANGE,239742,119864,107923,2614,11941,152980,126118,32180,26862,65522,102036,23538,-36514,12452,12157,907,295,24009,26593,-2584
250520,RUSSELL E-MINI - CHICAGO MERCANTILE EXCHANGE,239742,115565,110345,2648,5220,155730,125056,31432,30674,67508,101248,25236,-33740,13218,11770,959,1448,23370,26972,-3602
250513,RUSSELL E-MINI - CHICAGO MERCANTILE EXCHANGE,239742,113449,105271,3799,8178,155816,130456,31558,25360,73762,110170,23306,-36408,17531,12156,974,5375,23084,25589,-2505
250506,RUSSELL E-MINI - CHICAGO MERCANTILE EXCHANGE,239742,111226,104366,4476,6860,146775,127960,34761,18815,75633,116729,19434,-41096,32879,13443,990,19436,23509,27524,-4015
250429,RUSSELL E-MINI - CHICAGO MERCANTILE EXCHANGE,239742,103884,116655,3379,-12771,162003,139219,33086,22784,81585,108375,16931,-26790,34190,14665,970,19525,23884,26632,-2748
250422,RUSSELL E-MINI - CHICAGO MERCANTILE EXCHANGE,239742,102249,123728,3402,-21479,167091,143057,34334,24034,84100,110268,7339,-26168,26387,14288,974,12099,38247,26733,11514
250415,RUSSELL E-MINI - CHICAGO MERCANTILE EXCHANGE,239742,100525,109667,3208,-9142,158642,142556,35999,16086,92198,103257,19397,-11059,18085,14632,1399,3453,24789,24127,662
250408,RUSSELL E-MINI - CHICAGO MERCANTILE EXCHANGE,239742,88738,105815,2983,-17077,161883,144605,34487,17278,97317,106642,19141,-9325,22039,21603,195,436,26618,17930,8688
250401,RUSSELL E-MINI - CHICAGO MERCANTILE EXCHANGE,239742,71917,96643,2316,-24726,163328,128723,36215,34605,75301,90447,19449,-15146,7852,10900,147,-3048,35994,27679,8315
250325,RUSSELL E-MINI - CHICAGO MERCANTILE EXCHANGE,239742,73983,98104,3832,-24121,169967,130364,34546,39603,65195,84465,16573,-19270,6133,8233,972,-2100,28244,22356,5888
250318,RUSSELL E-MINI - CHICAGO MERCANTILE EXCHANGE,239742,87088,138230,31656,-51142,168086,132583,38036,35503,110912,92643,32464,18269,2779,9975,1205,-7196,29881,25315,4566
250311,RUSSELL E-MINI - CHICAGO MERCANTILE EXCHANGE,239742,90242,148319,8054,-58077,172727,124697,35975,48030,104927,89803,24747,15124,6351,20409,91,-14058,30760,21779,8981
250304,RUSSELL E-MINI - CHICAGO MERCANTILE EXCHANGE,239742,89784,140203,6714,-50419,179257,107249,31174,72008,83460,94768,18665,-11308,4589,23024,709,-18435,31232,23078,8154
250225,RUSSELL E-MINI - CHICAGO MERCANTILE EXCHANGE,239742,89689,138838,5091,-49149,183385,97987,32161,85398,54808,86306,18797,-31498,4755,22212,706,-17457,33096,20390,12706
250218,RUSSELL E-MINI - CHICAGO MERCANTILE EXCHANGE,239742,84056,138043,2456,-53987,201908,100720,31167,101188,37129,90258,18240,-53129,7894,16375,72,-8481,33687,19278,14409
250211,RUSSELL E-MINI - CHICAGO MERCANTILE EXCHANGE,239742,86187,134285,2254,-48098,201397,101897,29808,99500,38070,90534,17139,-52464,7016,18165,251,-11149,32835,20624,12211
250204,RUSSELL E-MINI - CHICAGO MERCANTILE EXCHANGE,239742,84250,144780,2368,-60530,198798,98265,30768,100533,45141,92390,13468,-47249,8226,16292,126,-8066,37173,21861,15312
250128,RUSSELL E-MINI - CHICAGO MERCANTILE EXCHANGE,239742,80951,148734,2679,-67783,212866,93043,27953,119823,40346,102251,14479,-61905,12066,17849,80,-5783,34288,18640,15648
250121,RUSSELL E-MINI - CHICAGO MERCANTILE EXCHANGE,239742,79161,163659,2886,-84498,211548,88229,29046,123319,45417,99861,14805,-54444,15564,18421,356,-2857,37263,18783,18480
250114,RUSSELL E-MINI - CHICAGO MERCANTILE EXCHANGE,239742,79682,172622,3542,-92940,208077,85585,29324,122492,59123,105379,19009,-46256,19845,19693,140,152,35166,18614,16552
250107,RUSSELL E-MINI - CHICAGO MERCANTILE EXCHANGE,239742,72399,189975,3390,-117576,224590,87143,27735,137447,59449,98753,18297,-39304,20226,20257,115,-31,36014,16550,19464
250729,EMINI RUSSELL 1000 VALUE INDEX - CHICAGO MERCANTILE EXCHANGE,239744,16353,10880,0,5473,8889,15633,202,-6744,244,0,0,244,0,373,0,-373,1868,468,1400
250722,EMINI RUSSELL 1000 VALUE INDEX - CHICAGO MERCANTILE EXCHANGE,239744,16427,11098,0,5329,9044,15326,202,-6282,252,0,0,252,0,261,0,-261,1529,567,962
250715,EMINI RUSSELL 1000 VALUE INDEX - CHICAGO MERCANTILE EXCHANGE,239744,17451,12603,0,4848,10017,15326,202,-5309,252,0,0,252,0,791,0,-791,1648,648,1000
250708,EMINI RUSSELL 1000 VALUE INDEX - CHICAGO MERCANTILE EXCHANGE,239744,16989,12356,0,4633,10360,15326,202,-4966,260,0,0,260,0,794,0,-794,1453,586,867
250701,EMINI RUSSELL 1000 VALUE INDEX - CHICAGO MERCANTILE EXCHANGE,239744,17533,11896,0,5637,9471,14946,202,-5475,270,0,0,270,0,1195,0,-1195,1307,544,763
250624,EMINI RUSSELL 1000 VALUE INDEX - CHICAGO MERCANTILE EXCHANGE,239744,16918,13471,0,3447,10811,14946,202,-4135,270,0,0,270,0,250,0,-250,1414,746,668
250617,EMINI RUSSELL 1000 VALUE INDEX - CHICAGO MERCANTILE EXCHANGE,239744,15246,11388,11936,3858,10454,14929,202,-4475,292,0,0,292,0,414,94,-414,1752,1013,739
250610,EMINI RUSSELL 1000 VALUE INDEX - CHICAGO MERCANTILE EXCHANGE,239744,14748,11987,0,2761,11630,14929,202,-3299,292,0,0,292,0,791,94,-791,1749,712,1037
250603,EMINI RUSSELL 1000 VALUE INDEX - CHICAGO MERCANTILE EXCHANGE,239744,14604,12008,0,2596,11052,14929,202,-3877,292,0,0,292,355,259,651,96,1676,783,893
250527,EMINI RUSSELL 1000 VALUE INDEX - CHICAGO MERCANTILE EXCHANGE,239744,15021,11818,0,3203,10643,14929,206,-4286,292,0,0,292,59,259,947,-200,1642,651,991
250520,EMINI RUSSELL 1000 VALUE INDEX - CHICAGO MERCANTILE EXCHANGE,239744,13690,11462,0,2228,11283,14929,206,-3646,292,0,0,292,203,259,803,-56,1776,594,1182
250513,EMINI RUSSELL 1000 VALUE INDEX - CHICAGO MERCANTILE EXCHANGE,239744,14233,11370,0,2863,10693,14929,262,-4236,292,0,0,292,203,250,803,-47,1726,598,1128
250506,EMINI RUSSELL 1000 VALUE INDEX - CHICAGO MERCANTILE EXCHANGE,239744,14467,12684,0,1783,11258,15105,206,-3847,504,0,0,504,876,268,130,608,1323,371,952
250429,EMINI RUSSELL 1000 VALUE INDEX - CHICAGO MERCANTILE EXCHANGE,239744,14716,12772,0,1944,10991,14871,210,-3880,256,0,0,256,1006,274,0,732,1423,475,948
250422,EMINI RUSSELL 1000 VALUE INDEX - CHICAGO MERCANTILE EXCHANGE,239744,14236,11890,0,2346,11545,14871,210,-3326,0,0,0,0,0,291,0,-291,1707,436,1271
250415,EMINI RUSSELL 1000 VALUE INDEX - CHICAGO MERCANTILE EXCHANGE,239744,14435,11646,0,2789,11720,14871,210,-3151,0,0,0,0,0,674,0,-674,1663,627,1036
250408,EMINI RUSSELL 1000 VALUE INDEX - CHICAGO MERCANTILE EXCHANGE,239744,14803,11226,0,3577,10969,15265,210,-4296,0,0,0,0,0,698,0,-698,1917,500,1417
250401,EMINI RUSSELL 1000 VALUE INDEX - CHICAGO MERCANTILE EXCHANGE,239744,14159,12231,0,1928,11893,15509,210,-3616,0,0,0,0,0,0,0,0,1894,206,1688
250325,EMINI RUSSELL 1000 VALUE INDEX - CHICAGO MERCANTILE EXCHANGE,239744,16867,11309,0,5558,11361,18812,210,-7451,0,0,0,0,0,0,0,0,2159,266,1893
250318,EMINI RUSSELL 1000 VALUE INDEX - CHICAGO MERCANTILE EXCHANGE,239744,20067,14607,7749,5460,11596,18812,210,-7216,0,0,0,0,0,0,0,0,2502,746,1756
250311,EMINI RUSSELL 1000 VALUE INDEX - CHICAGO MERCANTILE EXCHANGE,239744,19139,13379,0,5760,11110,18154,296,-7044,0,0,0,0,0,0,0,0,1626,342,1284
250304,EMINI RUSSELL 1000 VALUE INDEX - CHICAGO MERCANTILE EXCHANGE,239744,17723,12849,0,4874,10925,16987,210,-6062,0,0,0,0,0,0,0,0,1931,743,1188
250225,EMINI RUSSELL 1000 VALUE INDEX - CHICAGO MERCANTILE EXCHANGE,239744,17984,11552,0,6432,9623,16987,210,-7364,0,0,0,0,0,0,0,0,1597,665,932
250218,EMINI RUSSELL 1000 VALUE INDEX - CHICAGO MERCANTILE EXCHANGE,239744,18046,11219,0,6827,9044,16987,210,-7943,224,0,0,224,0,0,0,0,1547,655,892
250211,EMINI RUSSELL 1000 VALUE INDEX - CHICAGO MERCANTILE EXCHANGE,239744,18243,11508,0,6735,8831,16987,210,-8156,481,0,21,481,0,0,0,0,1569,629,940
250204,EMINI RUSSELL 1000 VALUE INDEX - CHICAGO MERCANTILE EXCHANGE,239744,19530,11389,0,8141,8091,18013,210,-9922,456,0,21,456,0,0,0,0,1979,654,1325
250128,EMINI RUSSELL 1000 VALUE INDEX - CHICAGO MERCANTILE EXCHANGE,239744,18138,10984,0,7154,8829,17717,296,-8888,419,0,21,419,0,0,0,0,1666,351,1315
250121,EMINI RUSSELL 1000 VALUE INDEX - CHICAGO MERCANTILE EXCHANGE,239744,18192,10888,0,7304,8980,17800,296,-8820,366,0,21,366,0,0,0,0,1552,402,1150
250114,EMINI RUSSELL 1000 VALUE INDEX - CHICAGO MERCANTILE EXCHANGE,239744,16648,10307,0,6341,10024,17811,296,-7787,366,0,21,366,0,0,0,0,1567,487,1080
250107,EMINI RUSSELL 1000 VALUE INDEX - CHICAGO MERCANTILE EXCHANGE,239744,16804,10378,0,6426,10084,17806,296,-7722,413,0,7,413,0,0,0,0,1445,562,883
250318,EMINI RUSSELL 1000 GROWTH - CHICAGO MERCANTILE EXCHANGE,239745,2946,7910,1594,-4964,5711,721,0,4990,0,202,1,-202,0,0,0,0,1185,1009,176
250311,EMINI RUSSELL 1000 GROWTH - CHICAGO MERCANTILE EXCHANGE,239745,1550,7710,0,-6160,6896,423,0,6473,0,202,0,-202,0,0,0,0,829,940,-111
250729,MICRO E-MINI RUSSELL 2000 INDX - CHICAGO MERCANTILE EXCHANGE,239747,21353,1059,0,20294,714,0,0,714,2533,32458,500,-29925,0,2890,0,-2890,17842,6035,11807
250722,MICRO E-MINI RUSSELL 2000 INDX - CHICAGO MERCANTILE EXCHANGE,239747,19460,773,0,18687,934,0,0,934,2844,29944,469,-27100,300,1910,0,-1610,16085,6996,9089
250715,MICRO E-MINI RUSSELL 2000 INDX - CHICAGO MERCANTILE EXCHANGE,239747,17765,1032,0,16733,1110,0,0,1110,4934,23722,396,-18788,223,2238,22,-2015,9807,6847,2960
250708,MICRO E-MINI RUSSELL 2000 INDX - CHICAGO MERCANTILE EXCHANGE,239747,17262,0,0,17262,1255,0,0,1255,1008,20378,295,-19370,223,2030,22,-1807,9226,6566,2660
250701,MICRO E-MINI RUSSELL 2000 INDX - CHICAGO MERCANTILE EXCHANGE,239747,10421,348,0,10073,1022,0,148,1022,2598,13717,69,-11119,0,2583,0,-2583,9180,6573,2607
250617,MICRO E-MINI RUSSELL 2000 INDX - CHICAGO MERCANTILE EXCHANGE,239747,5714,22636,0,-16922,1099,0,0,1099,3263,22679,2424,-19416,774,5206,0,-4432,46173,6502,39671
250610,MICRO E-MINI RUSSELL 2000 INDX - CHICAGO MERCANTILE EXCHANGE,239747,3916,24371,9,-20455,1535,0,0,1535,2915,17287,583,-14372,240,3923,0,-3683,44630,7655,36975
250603,MICRO E-MINI RUSSELL 2000 INDX - CHICAGO MERCANTILE EXCHANGE,239747,4033,29765,0,-25732,1354,0,0,1354,3383,10677,573,-7294,0,3586,0,-3586,42969,7711,35258
250527,MICRO E-MINI RUSSELL 2000 INDX - CHICAGO MERCANTILE EXCHANGE,239747,2304,31310,0,-29006,1513,0,0,1513,8875,5798,108,3077,0,3880,6,-3880,36236,7940,28296
250520,MICRO E-MINI RUSSELL 2000 INDX - CHICAGO MERCANTILE EXCHANGE,239747,1205,31715,0,-30510,1697,0,0,1697,8052,4766,67,3286,0,2672,6,-2672,35157,6958,28199
250513,MICRO E-MINI RUSSELL 2000 INDX - CHICAGO MERCANTILE EXCHANGE,239747,1266,27296,0,-26030,2536,0,0,2536,5572,6102,78,-530,215,3179,6,-2964,33812,6824,26988
250506,MICRO E-MINI RUSSELL 2000 INDX - CHICAGO MERCANTILE EXCHANGE,239747,1771,27400,0,-25629,2273,0,0,2273,5601,6226,73,-625,0,2474,0,-2474,32493,6038,26455
250429,MICRO E-MINI RUSSELL 2000 INDX - CHICAGO MERCANTILE EXCHANGE,239747,2041,28946,0,-26905,2408,0,0,2408,13436,3610,95,9826,698,1967,0,-1269,22426,6486,15940
250422,MICRO E-MINI RUSSELL 2000 INDX - CHICAGO MERCANTILE EXCHANGE,239747,1967,28826,0,-26859,2482,0,0,2482,16796,3991,94,12805,481,1170,0,-689,18283,6022,12261
250415,MICRO E-MINI RUSSELL 2000 INDX - CHICAGO MERCANTILE EXCHANGE,239747,1850,21229,0,-19379,2335,0,0,2335,20756,5556,91,15200,481,1097,0,-616,9578,7118,2460
250408,MICRO E-MINI RUSSELL 2000 INDX - CHICAGO MERCANTILE EXCHANGE,239747,1407,10364,0,-8957,2284,0,0,2284,10027,6987,90,3040,570,200,0,370,11266,8003,3263
250401,MICRO E-MINI RUSSELL 2000 INDX - CHICAGO MERCANTILE EXCHANGE,239747,1019,0,0,1019,2674,0,0,2674,3123,9715,2,-6592,1235,761,0,474,11366,8941,2425
250318,MICRO E-MINI RUSSELL 2000 INDX - CHICAGO MERCANTILE EXCHANGE,239747,7323,0,56,7323,1828,0,2,1828,5720,41070,1847,-35350,772,2284,15,-1512,32481,4770,27711
250311,MICRO E-MINI RUSSELL 2000 INDX - CHICAGO MERCANTILE EXCHANGE,239747,6966,0,0,6966,2160,1107,15,1053,3286,38227,620,-34941,540,1292,1,-752,32148,4474,27674
250304,MICRO E-MINI RUSSELL 2000 INDX - CHICAGO MERCANTILE EXCHANGE,239747,7025,0,0,7025,2149,408,24,1741,2672,37224,299,-34552,767,520,1,247,30880,5341,25539
250225,MICRO E-MINI RUSSELL 2000 INDX - CHICAGO MERCANTILE EXCHANGE,239747,5275,0,0,5275,2021,221,24,1800,1223,34948,206,-33725,300,2251,0,-1951,33563,4962,28601
250218,MICRO E-MINI RUSSELL 2000 INDX - CHICAGO MERCANTILE EXCHANGE,239747,5387,0,0,5387,1922,225,23,1697,1040,31422,451,-30382,987,2563,0,-1576,29734,4860,24874
250211,MICRO E-MINI RUSSELL 2000 INDX - CHICAGO MERCANTILE EXCHANGE,239747,5387,0,0,5387,1790,228,20,1562,1988,31914,469,-29926,987,1804,0,-817,28491,4697,23794
250204,MICRO E-MINI RUSSELL 2000 INDX - CHICAGO MERCANTILE EXCHANGE,239747,4263,0,0,4263,1333,229,19,1104,1411,22744,370,-21333,300,2690,0,-2390,24101,5745,18356
250128,MICRO E-MINI RUSSELL 2000 INDX - CHICAGO MERCANTILE EXCHANGE,239747,5133,0,0,5133,1400,244,19,1156,1100,23594,312,-22494,864,2350,0,-1486,21904,4213,17691
250121,MICRO E-MINI RUSSELL 2000 INDX - CHICAGO MERCANTILE EXCHANGE,239747,3889,0,0,3889,1349,239,24,1110,4341,20214,317,-15873,1312,2052,0,-740,17044,5430,11614
250114,MICRO E-MINI RUSSELL 2000 INDX - CHICAGO MERCANTILE EXCHANGE,239747,3433,0,0,3433,1528,227,70,1301,1268,16657,268,-15389,1348,2482,0,-1134,16177,4388,11789
250107,MICRO E-MINI RUSSELL 2000 INDX - CHICAGO MERCANTILE EXCHANGE,239747,2813,0,0,2813,1465,0,0,1465,5123,12004,293,-6881,1060,452,0,608,12035,10040,1995
250729,RUSSELL 2000 ANNUAL DIVIDEND  - CHICAGO MERCANTILE EXCHANGE,239750,460,15511,1725,-15051,2190,0,20,2190,17996,5790,1918,12206,355,0,0,355,300,0,300
250722,RUSSELL 2000 ANNUAL DIVIDEND  - CHICAGO MERCANTILE EXCHANGE,239750,460,15556,1725,-15096,2190,0,20,2190,17976,5725,1903,12251,355,0,0,355,300,0,300
250715,RUSSELL 2000 ANNUAL DIVIDEND  - CHICAGO MERCANTILE EXCHANGE,239750,460,15426,1725,-14966,2190,0,20,2190,17721,5470,1903,12251,0,0,0,0,525,0,525
250708,RUSSELL 2000 ANNUAL DIVIDEND  - CHICAGO MERCANTILE EXCHANGE,239750,460,15397,1725,-14937,2190,0,20,2190,17701,5479,1906,12222,0,0,0,0,525,0,525
250701,RUSSELL 2000 ANNUAL DIVIDEND  - CHICAGO MERCANTILE EXCHANGE,239750,460,15390,1725,-14930,2190,0,20,2190,17696,5481,1905,12215,0,0,0,0,525,0,525
250624,RUSSELL 2000 ANNUAL DIVIDEND  - CHICAGO MERCANTILE EXCHANGE,239750,460,15380,1725,-14920,2190,0,20,2190,17606,5401,1895,12205,0,0,0,0,525,0,525
250617,RUSSELL 2000 ANNUAL DIVIDEND  - CHICAGO MERCANTILE EXCHANGE,239750,460,15030,1725,-14570,2190,0,20,2190,17246,5391,1895,11855,0,0,0,0,525,0,525
250610,RUSSELL 2000 ANNUAL DIVIDEND  - CHICAGO MERCANTILE EXCHANGE,239750,460,15030,1725,-14570,2190,0,20,2190,17146,5291,1895,11855,0,0,0,0,525,0,525
250603,RUSSELL 2000 ANNUAL DIVIDEND  - CHICAGO MERCANTILE EXCHANGE,239750,460,15030,1725,-14570,2190,0,20,2190,17101,5256,1895,11845,0,0,0,0,535,0,535
250527,RUSSELL 2000 ANNUAL DIVIDEND  - CHICAGO MERCANTILE EXCHANGE,239750,340,14875,1800,-14535,2190,0,20,2190,16971,5161,1860,11810,0,0,0,0,535,0,535
250520,RUSSELL 2000 ANNUAL DIVIDEND  - CHICAGO MERCANTILE EXCHANGE,239750,340,14569,1700,-14229,2190,0,20,2190,17041,5537,1625,11504,0,0,0,0,535,0,535
250513,RUSSELL 2000 ANNUAL DIVIDEND  - CHICAGO MERCANTILE EXCHANGE,239750,340,13444,1705,-13104,2190,0,20,2190,16526,6147,1370,10379,0,0,0,0,535,0,535
250506,RUSSELL 2000 ANNUAL DIVIDEND  - CHICAGO MERCANTILE EXCHANGE,239750,340,12357,1867,-12017,2190,0,20,2190,15103,5811,1330,9292,0,0,0,0,535,0,535
250429,RUSSELL 2000 ANNUAL DIVIDEND  - CHICAGO MERCANTILE EXCHANGE,239750,340,12112,1867,-11772,2190,0,20,2190,14767,5720,1330,9047,0,0,0,0,535,0,535
250422,RUSSELL 2000 ANNUAL DIVIDEND  - CHICAGO MERCANTILE EXCHANGE,239750,340,11691,1905,-11351,2190,0,20,2190,13881,5255,1330,8626,0,0,0,0,535,0,535
250415,RUSSELL 2000 ANNUAL DIVIDEND  - CHICAGO MERCANTILE EXCHANGE,239750,840,11696,1405,-10856,2190,0,20,2190,13771,5640,1330,8131,0,0,0,0,535,0,535
250408,RUSSELL 2000 ANNUAL DIVIDEND  - CHICAGO MERCANTILE EXCHANGE,239750,1340,9634,1405,-8294,2190,0,20,2190,13004,7435,30,5569,0,0,0,0,535,0,535
250401,RUSSELL 2000 ANNUAL DIVIDEND  - CHICAGO MERCANTILE EXCHANGE,239750,1540,9599,1405,-8059,2190,0,20,2190,11909,6535,30,5374,0,0,0,0,495,0,495
250325,RUSSELL 2000 ANNUAL DIVIDEND  - CHICAGO MERCANTILE EXCHANGE,239750,1040,9156,1405,-8116,2190,0,20,2190,11095,5814,35,5281,0,0,0,0,645,0,645
250408,NIKKEI STOCK AVERAGE - CHICAGO MERCANTILE EXCHANGE,240741,0,7704,0,-7704,6680,265,4,6415,1536,354,8,1182,421,0,0,421,2056,2370,-314
250311,NIKKEI STOCK AVERAGE - CHICAGO MERCANTILE EXCHANGE,240741,0,7871,1425,-7871,7186,572,11,6614,2173,784,592,1389,215,514,0,-299,2817,2650,167
250304,NIKKEI STOCK AVERAGE - CHICAGO MERCANTILE EXCHANGE,240741,0,7289,0,-7289,7553,575,10,6978,827,485,112,342,215,354,0,-139,2402,2294,108
250225,NIKKEI STOCK AVERAGE - CHICAGO MERCANTILE EXCHANGE,240741,0,7045,0,-7045,7540,567,3,6973,828,975,16,-147,1228,321,0,907,2430,3118,-688
250218,NIKKEI STOCK AVERAGE - CHICAGO MERCANTILE EXCHANGE,240741,0,6156,0,-6156,7512,229,3,7283,432,1803,221,-1371,923,722,0,201,2280,2237,43
250211,NIKKEI STOCK AVERAGE - CHICAGO MERCANTILE EXCHANGE,240741,0,5854,0,-5854,7172,231,3,6941,630,2007,275,-1377,923,897,0,26,2400,2136,264
250204,NIKKEI STOCK AVERAGE - CHICAGO MERCANTILE EXCHANGE,240741,0,5474,0,-5474,7170,230,4,6940,533,2382,731,-1849,923,511,0,412,2311,2340,-29
250128,NIKKEI STOCK AVERAGE - CHICAGO MERCANTILE EXCHANGE,240741,0,5294,0,-5294,7135,228,5,6907,976,3271,649,-2295,767,562,0,205,2473,1996,477
250121,NIKKEI STOCK AVERAGE - CHICAGO MERCANTILE EXCHANGE,240741,0,4669,0,-4669,7099,230,38,6869,807,2709,0,-1902,640,987,0,-347,2305,2256,49
250114,NIKKEI STOCK AVERAGE - CHICAGO MERCANTILE EXCHANGE,240741,0,4453,0,-4453,6802,232,5,6570,851,2838,0,-1987,605,925,0,-320,2117,1927,190
250107,NIKKEI STOCK AVERAGE - CHICAGO MERCANTILE EXCHANGE,240741,0,4156,0,-4156,7117,224,4,6893,300,2979,0,-2679,440,912,0,-472,2237,1823,414
250729,NIKKEI STOCK AVERAGE YEN DENOM - CHICAGO MERCANTILE EXCHANGE,240743,9574,3491,801,6083,7992,3234,1255,4758,5945,4004,636,1941,534,293,0,241,6805,19828,-13023
250722,NIKKEI STOCK AVERAGE YEN DENOM - CHICAGO MERCANTILE EXCHANGE,240743,8754,2989,797,5765,6769,3160,1321,3609,2328,4718,599,-2390,496,293,0,203,5616,12803,-7187
250715,NIKKEI STOCK AVERAGE YEN DENOM - CHICAGO MERCANTILE EXCHANGE,240743,8664,4886,710,3778,6520,3160,1311,3360,5809,4630,580,1179,620,293,0,327,5108,13752,-8644
250708,NIKKEI STOCK AVERAGE YEN DENOM - CHICAGO MERCANTILE EXCHANGE,240743,8020,4187,713,3833,7842,3160,1284,4682,5940,5074,535,866,238,293,0,-55,5779,15105,-9326
250701,NIKKEI STOCK AVERAGE YEN DENOM - CHICAGO MERCANTILE EXCHANGE,240743,7569,4015,708,3554,9106,3160,1280,5946,7393,4228,567,3165,0,293,0,-293,6065,18437,-12372
250624,NIKKEI STOCK AVERAGE YEN DENOM - CHICAGO MERCANTILE EXCHANGE,240743,6504,3969,226,2535,8067,2652,1211,5415,6757,3399,565,3358,0,293,0,-293,5725,16740,-11015
250617,NIKKEI STOCK AVERAGE YEN DENOM - CHICAGO MERCANTILE EXCHANGE,240743,6138,3955,99,2183,7782,2174,1233,5608,5637,2371,583,3266,0,496,0,-496,6347,16908,-10561
250610,NIKKEI STOCK AVERAGE YEN DENOM - CHICAGO MERCANTILE EXCHANGE,240743,13780,3662,4442,10118,7196,2175,1262,5021,5759,4450,4437,1309,963,493,428,470,6595,23513,-16918
250603,NIKKEI STOCK AVERAGE YEN DENOM - CHICAGO MERCANTILE EXCHANGE,240743,15411,4163,1214,11248,7076,1307,1210,5769,4911,4153,1493,758,1632,293,188,1339,6102,25216,-19114
250527,NIKKEI STOCK AVERAGE YEN DENOM - CHICAGO MERCANTILE EXCHANGE,240743,15184,4630,533,10554,7028,1307,1224,5721,4608,3683,1274,925,1384,293,271,1091,5475,23766,-18291
250520,NIKKEI STOCK AVERAGE YEN DENOM - CHICAGO MERCANTILE EXCHANGE,240743,15243,4164,557,11079,8172,1297,1222,6875,5277,3474,1291,1803,856,293,161,563,5618,25938,-20320
250513,NIKKEI STOCK AVERAGE YEN DENOM - CHICAGO MERCANTILE EXCHANGE,240743,15667,4085,654,11582,9335,1297,1124,8038,4596,3088,1345,1508,429,897,483,-468,6049,26709,-20660
250506,NIKKEI STOCK AVERAGE YEN DENOM - CHICAGO MERCANTILE EXCHANGE,240743,15546,4031,560,11515,8289,1106,1096,7183,4828,3810,1351,1018,200,705,86,-505,4631,23842,-19211
250429,NIKKEI STOCK AVERAGE YEN DENOM - CHICAGO MERCANTILE EXCHANGE,240743,16801,3122,564,13679,8161,1977,773,6184,3631,3913,1325,-282,0,701,0,-701,5014,23894,-18880
250422,NIKKEI STOCK AVERAGE YEN DENOM - CHICAGO MERCANTILE EXCHANGE,240743,18230,3444,521,14786,7352,2710,757,4642,2358,5769,1393,-3411,0,1023,0,-1023,5324,20318,-14994
250415,NIKKEI STOCK AVERAGE YEN DENOM - CHICAGO MERCANTILE EXCHANGE,240743,19044,3365,601,15679,6847,3161,757,3686,1834,4392,1441,-2558,0,2052,0,-2052,4927,19682,-14755
250408,NIKKEI STOCK AVERAGE YEN DENOM - CHICAGO MERCANTILE EXCHANGE,240743,20043,2926,507,17117,7395,2688,803,4707,1877,6565,76,-4688,0,1215,0,-1215,4684,20605,-15921
250401,NIKKEI STOCK AVERAGE YEN DENOM - CHICAGO MERCANTILE EXCHANGE,240743,18567,1771,450,16796,7842,2758,801,5084,2186,6286,52,-4100,809,1133,42,-324,6284,23740,-17456
250325,NIKKEI STOCK AVERAGE YEN DENOM - CHICAGO MERCANTILE EXCHANGE,240743,14946,1400,717,13546,8351,1651,1138,6700,1339,5694,1,-4355,480,893,0,-413,5971,21449,-15478
250318,NIKKEI STOCK AVERAGE YEN DENOM - CHICAGO MERCANTILE EXCHANGE,240743,14033,1367,576,12666,7057,2099,919,4958,1612,4841,0,-3229,274,893,0,-619,5581,19357,-13776
250311,NIKKEI STOCK AVERAGE YEN DENOM - CHICAGO MERCANTILE EXCHANGE,240743,15429,3948,4204,11481,7502,2301,1340,5201,3295,8367,1339,-5072,2819,293,132,2526,6049,20185,-14136
250304,NIKKEI STOCK AVERAGE YEN DENOM - CHICAGO MERCANTILE EXCHANGE,240743,15325,4170,349,11155,7573,2916,907,4657,4117,7037,354,-2920,2375,293,0,2082,6971,21945,-14974
250225,NIKKEI STOCK AVERAGE YEN DENOM - CHICAGO MERCANTILE EXCHANGE,240743,14699,4297,182,10402,7587,1762,988,5825,5672,6854,0,-1182,2351,293,0,2058,6674,23777,-17103
250218,NIKKEI STOCK AVERAGE YEN DENOM - CHICAGO MERCANTILE EXCHANGE,240743,11047,4256,181,6791,8172,1322,1181,6850,7394,5405,17,1989,3241,293,0,2948,6813,25391,-18578
250211,NIKKEI STOCK AVERAGE YEN DENOM - CHICAGO MERCANTILE EXCHANGE,240743,11409,3662,169,7747,7862,1658,874,6204,6022,5208,93,814,3203,293,0,2910,7614,25289,-17675
250204,NIKKEI STOCK AVERAGE YEN DENOM - CHICAGO MERCANTILE EXCHANGE,240743,11114,3964,172,7150,8718,1109,1078,7609,7144,6457,90,687,2782,293,0,2489,7125,25060,-17935
250128,NIKKEI STOCK AVERAGE YEN DENOM - CHICAGO MERCANTILE EXCHANGE,240743,9950,4646,151,5304,10219,1267,991,8952,8371,5239,61,3132,2666,293,0,2373,6859,26620,-19761
250121,NIKKEI STOCK AVERAGE YEN DENOM - CHICAGO MERCANTILE EXCHANGE,240743,9481,3604,221,5877,9605,1267,1012,8338,6798,4521,91,2277,2251,293,0,1958,7072,25522,-18450
250114,NIKKEI STOCK AVERAGE YEN DENOM - CHICAGO MERCANTILE EXCHANGE,240743,9605,3831,324,5774,9982,1267,794,8715,7626,4915,4,2711,2345,293,0,2052,7841,27093,-19252
250107,NIKKEI STOCK AVERAGE YEN DENOM - CHICAGO MERCANTILE EXCHANGE,240743,7020,2947,208,4073,11687,1188,796,10499,8636,6338,17,2298,2576,293,0,2283,7399,26552,-19153
250729,MSCI EAFE  - ICE FUTURES U.S.,244041,34283,252017,1122,-217734,308433,79711,32780,228722,27383,32107,551,-4724,5322,11640,437,-6318,13579,13525,54
250722,MSCI EAFE  - ICE FUTURES U.S.,244041,32706,260208,1229,-227502,309914,80844,33704,229070,24457,31858,1201,-7401,6697,8109,400,-1412,13508,6263,7245
250715,MSCI EAFE  - ICE FUTURES U.S.,244041,32810,252855,978,-220045,317171,82688,33443,234483,19932,33134,734,-13202,6709,14964,388,-8255,13839,6820,7019
250708,MSCI EAFE  - ICE FUTURES U.S.,244041,32674,253743,781,-221069,311564,82956,35960,228608,21301,29484,672,-8183,5231,11920,420,-6689,13127,5794,7333
250701,MSCI EAFE  - ICE FUTURES U.S.,244041,39265,263327,580,-224062,313086,82885,33464,230201,24684,26323,833,-1639,5588,17691,398,-12103,12633,5030,7603
250624,MSCI EAFE  - ICE FUTURES U.S.,244041,36189,268430,762,-232241,313369,76088,33089,237281,24868,25453,753,-585,5906,17472,329,-11566,13418,6307,7111
250617,MSCI EAFE  - ICE FUTURES U.S.,244041,37791,274269,52789,-236478,312491,79428,34944,233063,30877,21506,2379,9371,6676,19107,1843,-12431,20986,14511,6475
250610,MSCI EAFE  - ICE FUTURES U.S.,244041,37863,272746,33862,-234883,320879,76607,34721,244272,29630,29842,1019,-212,5911,20926,419,-15015,11228,5390,5838
250603,MSCI EAFE  - ICE FUTURES U.S.,244041,39147,287466,23904,-248319,333773,80305,35175,253468,33523,31970,1092,1553,6353,19242,389,-12889,11119,4932,6187
250527,MSCI EAFE  - ICE FUTURES U.S.,244041,40303,292395,23167,-252092,339679,79382,35670,260297,32755,33096,1249,-341,6921,20221,72,-13300,10839,5403,5436
250520,MSCI EAFE  - ICE FUTURES U.S.,244041,42641,290585,744,-247944,331491,80829,35971,250662,36537,32551,1334,3986,6979,19356,72,-12377,11284,5611,5673
250513,MSCI EAFE  - ICE FUTURES U.S.,244041,39814,289677,529,-249863,327735,77873,36681,249862,34911,31356,1525,3555,7717,17130,1,-9413,10913,5054,5859
250506,MSCI EAFE  - ICE FUTURES U.S.,244041,38501,290060,812,-251559,338956,82726,31376,256230,34981,30036,725,4945,8350,25175,0,-16825,11942,4733,7209
250429,MSCI EAFE  - ICE FUTURES U.S.,244041,39499,285606,845,-246107,354811,79232,32722,275579,20378,33956,1007,-13578,9043,30409,0,-21366,11117,5645,5472
250422,MSCI EAFE  - ICE FUTURES U.S.,244041,37268,284135,921,-246867,346829,81174,32484,265655,27925,31753,1423,-3828,9686,28837,0,-19151,10383,6192,4191
250415,MSCI EAFE  - ICE FUTURES U.S.,244041,35613,266185,448,-230572,349579,78038,35961,271541,20517,38018,1813,-17501,9063,38811,0,-29748,11797,5517,6280
250408,MSCI EAFE  - ICE FUTURES U.S.,244041,32900,265144,814,-232244,318897,85962,30777,232935,33516,29342,767,4174,14492,28021,0,-13529,14324,5660,8664
250401,MSCI EAFE  - ICE FUTURES U.S.,244041,33739,255632,990,-221893,314818,83163,31337,231655,33215,30787,1140,2428,15569,36651,132,-21082,12869,3977,8892
250325,MSCI EAFE  - ICE FUTURES U.S.,244041,33674,233861,940,-200187,301856,83113,29608,218743,28332,33357,518,-5025,11618,33632,133,-22014,13278,4795,8483
250318,MSCI EAFE  - ICE FUTURES U.S.,244041,30978,228790,60468,-197812,292970,82995,32857,209975,30748,32548,1306,-1800,11403,29497,1705,-18094,17392,9661,7731
250311,MSCI EAFE  - ICE FUTURES U.S.,244041,34722,242663,1717,-207941,289006,85709,32554,203297,36145,29991,408,6154,12945,21567,309,-8622,12010,4898,7112
250304,MSCI EAFE  - ICE FUTURES U.S.,244041,30767,249378,1355,-218611,307286,74976,34124,232310,34733,31005,843,3728,12781,36437,353,-23656,12435,6206,6229
250225,MSCI EAFE  - ICE FUTURES U.S.,244041,32730,244786,1142,-212056,308404,75069,39423,233335,32639,34525,901,-1886,13078,37432,462,-24354,11891,6930,4961
250218,MSCI EAFE  - ICE FUTURES U.S.,244041,32509,245378,980,-212869,309806,72523,40472,237283,32044,37862,1329,-5818,14568,37564,1062,-22996,11099,6699,4400
250211,MSCI EAFE  - ICE FUTURES U.S.,244041,32434,241813,945,-209379,305469,77173,40228,228296,30191,35560,1092,-5369,15092,32694,1110,-17602,10865,6811,4054
250204,MSCI EAFE  - ICE FUTURES U.S.,244041,31616,239193,1078,-207577,308218,76771,41496,231447,26275,31732,1215,-5457,11303,32612,1016,-21309,11105,8209,2896
250128,MSCI EAFE  - ICE FUTURES U.S.,244041,36529,236937,960,-200408,310364,74746,40933,235618,25156,36970,1644,-11814,12278,38695,965,-26417,10617,7596,3021
250121,MSCI EAFE  - ICE FUTURES U.S.,244041,38985,234294,893,-195309,302470,74857,42253,227613,25091,37234,1261,-12143,12292,35745,965,-23453,11192,7900,3292
250114,MSCI EAFE  - ICE FUTURES U.S.,244041,40600,236700,1094,-196100,299296,77300,43252,221996,25386,34643,1026,-9257,13321,33050,965,-19729,10665,7575,3090
250107,MSCI EAFE  - ICE FUTURES U.S.,244041,41196,242943,1182,-201747,300637,75278,43095,225359,27084,32146,515,-5062,13056,32915,965,-19859,9712,8403,1309
250729,MSCI EM INDEX - ICE FUTURES U.S.,244042,66546,644519,14924,-577973,729548,229725,96555,499823,157047,91251,5083,65796,25106,39407,2663,-14301,48598,21943,26655
250722,MSCI EM INDEX - ICE FUTURES U.S.,244042,70873,622869,15104,-551996,727698,229636,95753,498062,151986,107795,3857,44191,25280,41856,2747,-16576,48414,22095,26319
250715,MSCI EM INDEX - ICE FUTURES U.S.,244042,66768,639404,15288,-572636,716835,233729,94918,483106,148682,81451,5101,67231,25485,26572,2733,-1087,53133,29747,23386
250708,MSCI EM INDEX - ICE FUTURES U.S.,244042,65884,646594,14792,-580710,711505,229333,92895,482172,146845,79673,6218,67172,26217,21261,1927,4956,52888,26478,26410
250701,MSCI EM INDEX - ICE FUTURES U.S.,244042,71693,643895,14442,-572202,701714,218681,90928,483033,139459,84237,5814,55222,30591,19666,1965,10925,47991,24969,23022
250624,MSCI EM INDEX - ICE FUTURES U.S.,244042,68936,650250,14194,-581314,688671,194788,87259,493883,139738,87871,4518,51867,37603,23969,2086,13634,41724,19794,21930
250617,MSCI EM INDEX - ICE FUTURES U.S.,244042,78497,560803,207993,-482306,695659,193873,91951,501786,138068,146185,23828,-8117,37589,62346,3246,-24757,49242,35848,13394
250610,MSCI EM INDEX - ICE FUTURES U.S.,244042,80840,567546,15351,-486706,638818,188264,86668,450554,158432,132828,9204,25604,59716,68168,1565,-8452,50701,31701,19000
250603,MSCI EM INDEX - ICE FUTURES U.S.,244042,87424,586502,15715,-499078,641571,179922,91941,461649,148553,134157,8407,14396,65466,60293,1651,5173,48829,30969,17860
250527,MSCI EM INDEX - ICE FUTURES U.S.,244042,88455,595897,14728,-507442,652639,184655,93579,467984,130418,152230,6588,-21812,54846,11974,1362,42872,40391,21993,18398
250520,MSCI EM INDEX - ICE FUTURES U.S.,244042,90027,590357,14779,-500330,650179,187400,92473,462779,120499,153116,6073,-32617,65190,10879,2117,54311,39541,23684,15857
250513,MSCI EM INDEX - ICE FUTURES U.S.,244042,87236,594226,14494,-506990,621611,179163,97012,442448,116295,140185,6662,-23890,82629,11213,2114,71416,38374,21358,17016
250506,MSCI EM INDEX - ICE FUTURES U.S.,244042,89228,586803,13599,-497575,624669,171913,100911,452756,116327,146604,6072,-30277,67602,10836,2088,56766,39708,21378,18330
250429,MSCI EM INDEX - ICE FUTURES U.S.,244042,78747,583673,13420,-504926,621956,154589,100368,467367,123511,159398,6052,-35887,90384,27635,2190,62749,34244,23547,10697
250422,MSCI EM INDEX - ICE FUTURES U.S.,244042,76230,594104,13472,-517874,619754,164135,99120,455619,123882,144840,6558,-20958,100610,29041,2438,71569,30766,19122,11644
250415,MSCI EM INDEX - ICE FUTURES U.S.,244042,67642,603541,13672,-535899,666118,170765,97760,495353,128292,145727,5364,-17435,75906,29929,2401,45977,28352,16348,12004
250408,MSCI EM INDEX - ICE FUTURES U.S.,244042,70437,608671,13653,-538234,648446,147770,99671,500676,116887,144270,5649,-27383,100481,41364,3310,59117,27795,21971,5824
250401,MSCI EM INDEX - ICE FUTURES U.S.,244042,58191,587982,20337,-529791,668614,136117,98479,532497,115412,165792,5430,-50380,66371,37986,3135,28385,33771,14482,19289
250325,MSCI EM INDEX - ICE FUTURES U.S.,244042,65688,594084,20975,-528396,653128,140886,96953,512242,120307,157896,4405,-37589,69141,35261,2666,33880,33163,13300,19863
250318,MSCI EM INDEX - ICE FUTURES U.S.,244042,82840,584624,265059,-501784,650378,159636,112433,490742,119865,138421,14199,-18556,36607,34765,54006,1842,67883,40127,27756
250311,MSCI EM INDEX - ICE FUTURES U.S.,244042,79870,587681,57542,-507811,630408,169166,107487,461242,116399,111289,5282,5110,45410,21647,3239,23763,30891,13195,17696
250304,MSCI EM INDEX - ICE FUTURES U.S.,244042,84143,591791,40163,-507648,648708,167525,99580,481183,121099,120916,5858,183,39015,29078,3104,9937,29788,13443,16345
250225,MSCI EM INDEX - ICE FUTURES U.S.,244042,86935,577434,39182,-490499,649576,172495,102454,477081,121593,135877,6337,-14284,48261,37625,3785,10636,29373,12307,17066
250218,MSCI EM INDEX - ICE FUTURES U.S.,244042,78422,567260,24244,-488838,639823,194047,93326,445776,112305,112713,8196,-408,70960,40570,2900,30390,27097,14017,13080
250211,MSCI EM INDEX - ICE FUTURES U.S.,244042,77152,560425,27076,-483273,619969,208210,97794,411759,111040,89987,8586,21053,74929,38208,3273,36721,27760,14020,13740
250204,MSCI EM INDEX - ICE FUTURES U.S.,244042,69866,576372,27745,-506506,642567,215984,97956,426583,116915,79074,10071,37841,65514,35732,3127,29782,26411,14111,12300
250128,MSCI EM INDEX - ICE FUTURES U.S.,244042,75958,569741,29973,-493783,653501,222276,94876,431225,117025,84945,10440,32080,65760,45100,3839,20660,25143,15325,9818
250121,MSCI EM INDEX - ICE FUTURES U.S.,244042,71498,569251,30488,-497753,660837,224839,94263,435998,114717,96709,10264,18008,76073,44543,4026,31530,26383,14166,12217
250114,MSCI EM INDEX - ICE FUTURES U.S.,244042,71845,589335,32208,-517490,671646,213502,93416,458144,108986,99814,9413,9172,74473,35969,4009,38504,26865,15195,11670
250107,MSCI EM INDEX - ICE FUTURES U.S.,244042,69700,639889,21699,-570189,666793,186335,90644,480458,121499,82643,7797,38856,74061,35866,4022,38195,27480,14800,12680
250729,E-MINI S&P 400 STOCK INDEX - CHICAGO MERCANTILE EXCHANGE,33874A,6988,11161,106,-4173,17034,17032,1727,2,3480,2600,41,880,426,0,0,426,7547,4682,2865
250722,E-MINI S&P 400 STOCK INDEX - CHICAGO MERCANTILE EXCHANGE,33874A,5810,9933,2,-4123,17768,17505,1581,263,2532,2181,41,351,0,0,0,0,8343,4834,3509
250715,E-MINI S&P 400 STOCK INDEX - CHICAGO MERCANTILE EXCHANGE,33874A,5623,8764,2,-3141,16863,16786,1726,77,2560,3099,49,-539,0,362,0,-362,8583,4618,3965
250708,E-MINI S&P 400 STOCK INDEX - CHICAGO MERCANTILE EXCHANGE,33874A,5605,7753,1,-2148,17638,17122,1514,516,2334,2548,124,-214,0,879,0,-879,8199,5474,2725
250701,E-MINI S&P 400 STOCK INDEX - CHICAGO MERCANTILE EXCHANGE,33874A,5750,6102,16,-352,17049,17684,1765,-635,2345,2942,92,-597,0,1031,0,-1031,7893,5278,2615
250624,E-MINI S&P 400 STOCK INDEX - CHICAGO MERCANTILE EXCHANGE,33874A,5566,5149,1,417,17870,20117,1624,-2247,3428,2815,41,613,0,496,0,-496,6996,5283,1713
250617,E-MINI S&P 400 STOCK INDEX - CHICAGO MERCANTILE EXCHANGE,33874A,6556,5939,2395,617,18155,20735,1880,-2580,2647,3003,41,-356,293,0,0,293,7541,5515,2026
250610,E-MINI S&P 400 STOCK INDEX - CHICAGO MERCANTILE EXCHANGE,33874A,8041,5841,141,2200,16407,20025,1924,-3618,2327,2535,0,-208,283,0,0,283,7218,5875,1343
250603,E-MINI S&P 400 STOCK INDEX - CHICAGO MERCANTILE EXCHANGE,33874A,8407,5631,122,2776,16921,20809,1998,-3888,2575,2560,217,15,230,0,0,230,6463,5596,867
250527,E-MINI S&P 400 STOCK INDEX - CHICAGO MERCANTILE EXCHANGE,33874A,9393,6143,111,3250,17846,21575,2108,-3729,2324,3283,146,-959,230,0,0,230,6992,5784,1208
250520,E-MINI S&P 400 STOCK INDEX - CHICAGO MERCANTILE EXCHANGE,33874A,11206,6146,107,5060,16735,21679,1989,-4944,1952,3186,56,-1234,0,0,0,0,7521,6403,1118
250513,E-MINI S&P 400 STOCK INDEX - CHICAGO MERCANTILE EXCHANGE,33874A,12159,5155,90,7004,15180,22750,2141,-7570,2543,3359,41,-816,0,0,0,0,7384,6002,1382
250506,E-MINI S&P 400 STOCK INDEX - CHICAGO MERCANTILE EXCHANGE,33874A,12603,4820,90,7783,14992,24283,2492,-9291,2404,3265,184,-861,0,499,0,-499,8278,5410,2868
250429,E-MINI S&P 400 STOCK INDEX - CHICAGO MERCANTILE EXCHANGE,33874A,13599,5001,145,8598,14560,26460,3015,-11900,4120,3285,258,835,0,0,0,0,8007,5540,2467
250422,E-MINI S&P 400 STOCK INDEX - CHICAGO MERCANTILE EXCHANGE,33874A,14095,5071,226,9024,17850,30239,2323,-12389,3960,3731,143,229,0,0,0,0,8015,4879,3136
250415,E-MINI S&P 400 STOCK INDEX - CHICAGO MERCANTILE EXCHANGE,33874A,14734,5068,176,9666,16831,31520,2310,-14689,4685,3926,110,759,0,0,0,0,8821,4557,4264
250408,E-MINI S&P 400 STOCK INDEX - CHICAGO MERCANTILE EXCHANGE,33874A,13058,5246,17,7812,18446,32624,2079,-14178,6237,3496,93,2741,700,0,0,700,8271,5346,2925
250401,E-MINI S&P 400 STOCK INDEX - CHICAGO MERCANTILE EXCHANGE,33874A,5869,5365,84,504,21676,24851,1781,-3175,2800,2284,295,516,0,0,0,0,7990,5835,2155
250325,E-MINI S&P 400 STOCK INDEX - CHICAGO MERCANTILE EXCHANGE,33874A,6887,8321,0,-1434,22145,23914,1870,-1769,2663,2072,267,591,733,0,0,733,8029,6150,1879
250318,E-MINI S&P 400 STOCK INDEX - CHICAGO MERCANTILE EXCHANGE,33874A,4277,7092,5568,-2815,22437,24818,2179,-2381,4328,1660,172,2668,344,0,243,344,8829,6645,2184
250311,E-MINI S&P 400 STOCK INDEX - CHICAGO MERCANTILE EXCHANGE,33874A,5358,9271,30,-3913,22130,24136,2470,-2006,4185,1083,237,3102,299,0,0,299,9102,6584,2518
250304,E-MINI S&P 400 STOCK INDEX - CHICAGO MERCANTILE EXCHANGE,33874A,4916,11136,0,-6220,21670,22598,2332,-928,4032,1184,187,2848,0,0,0,0,9497,5197,4300
250225,E-MINI S&P 400 STOCK INDEX - CHICAGO MERCANTILE EXCHANGE,33874A,4615,12769,43,-8154,21325,21160,2585,165,3882,1035,43,2847,610,0,0,610,9468,4936,4532
250218,E-MINI S&P 400 STOCK INDEX - CHICAGO MERCANTILE EXCHANGE,33874A,4547,13771,33,-9224,22197,20451,2979,1746,2550,1207,322,1343,1265,291,0,974,9664,4503,5161
250211,E-MINI S&P 400 STOCK INDEX - CHICAGO MERCANTILE EXCHANGE,33874A,4349,12836,34,-8487,22261,21162,2572,1099,2652,1389,120,1263,1030,0,0,1030,9553,4458,5095
250204,E-MINI S&P 400 STOCK INDEX - CHICAGO MERCANTILE EXCHANGE,33874A,4349,13572,36,-9223,21561,20239,2524,1322,2386,1561,119,825,1025,0,0,1025,10445,4394,6051
250128,E-MINI S&P 400 STOCK INDEX - CHICAGO MERCANTILE EXCHANGE,33874A,4515,15838,37,-11323,24370,19752,1962,4618,2613,1242,63,1371,1020,434,0,586,9255,4507,4748
250121,E-MINI S&P 400 STOCK INDEX - CHICAGO MERCANTILE EXCHANGE,33874A,4423,17140,37,-12717,25837,19158,2790,6679,2506,945,20,1561,1020,257,0,763,8815,5101,3714
250114,E-MINI S&P 400 STOCK INDEX - CHICAGO MERCANTILE EXCHANGE,33874A,4608,17365,36,-12757,25432,19795,2625,5637,2594,704,0,1890,1020,0,0,1020,8934,4724,4210
250107,E-MINI S&P 400 STOCK INDEX - CHICAGO MERCANTILE EXCHANGE,33874A,4552,19339,37,-14787,27954,20007,2428,7947,2715,950,42,1765,610,0,0,610,8777,4312,4465
250729,S&P 500 ANNUAL DIVIDEND INDEX - CHICAGO MERCANTILE EXCHANGE,43874A,26721,227116,13961,-200395,83361,81,3116,83280,143269,36766,17080,106503,13573,6795,329,6778,4630,796,3834
250722,S&P 500 ANNUAL DIVIDEND INDEX - CHICAGO MERCANTILE EXCHANGE,43874A,26528,224182,13985,-197654,82975,297,3445,82678,141143,33621,17297,107522,13549,9162,329,4387,3814,747,3067
250715,S&P 500 ANNUAL DIVIDEND INDEX - CHICAGO MERCANTILE EXCHANGE,43874A,27079,220318,14178,-193239,82836,297,3445,82539,136025,32696,17973,103329,13500,9162,329,4338,3851,818,3033
250708,S&P 500 ANNUAL DIVIDEND INDEX - CHICAGO MERCANTILE EXCHANGE,43874A,26702,216436,14166,-189734,82755,668,3546,82087,133339,33195,19202,100144,13396,9162,329,4234,4016,747,3269
250701,S&P 500 ANNUAL DIVIDEND INDEX - CHICAGO MERCANTILE EXCHANGE,43874A,27930,215670,13666,-187740,82779,547,3561,82232,132393,34536,18853,97857,13358,9162,329,4196,4096,641,3455
250624,S&P 500 ANNUAL DIVIDEND INDEX - CHICAGO MERCANTILE EXCHANGE,43874A,28101,214030,13646,-185929,82379,547,3698,81832,131657,35382,18343,96275,13251,9162,329,4089,4364,631,3733
250617,S&P 500 ANNUAL DIVIDEND INDEX - CHICAGO MERCANTILE EXCHANGE,43874A,28064,213543,13091,-185479,82313,547,3698,81766,130826,34939,18072,95887,13144,9162,329,3982,4460,616,3844
250610,S&P 500 ANNUAL DIVIDEND INDEX - CHICAGO MERCANTILE EXCHANGE,43874A,28130,211723,12268,-183593,82142,620,3704,81522,132311,36429,18902,95882,13162,9162,329,4000,4135,1946,2189
250603,S&P 500 ANNUAL DIVIDEND INDEX - CHICAGO MERCANTILE EXCHANGE,43874A,28104,213835,12235,-185731,82040,409,3704,81631,132044,36757,19329,95287,14326,9162,329,5164,4286,637,3649
250527,S&P 500 ANNUAL DIVIDEND INDEX - CHICAGO MERCANTILE EXCHANGE,43874A,26313,209263,12216,-182950,82015,288,3541,81727,129540,37007,19183,92533,14193,9162,410,5031,4330,671,3659
250520,S&P 500 ANNUAL DIVIDEND INDEX - CHICAGO MERCANTILE EXCHANGE,43874A,24978,207155,12541,-182177,81973,288,3541,81685,128867,36870,19030,91997,14087,9162,410,4925,4717,1147,3570
250513,S&P 500 ANNUAL DIVIDEND INDEX - CHICAGO MERCANTILE EXCHANGE,43874A,26455,205678,12527,-179223,82397,0,2824,82397,123815,36073,19936,87742,12814,9162,210,3652,6000,568,5432
250506,S&P 500 ANNUAL DIVIDEND INDEX - CHICAGO MERCANTILE EXCHANGE,43874A,27194,201673,12397,-174479,82343,0,2824,82343,122019,36738,21836,85281,12295,9242,210,3053,4453,651,3802
250429,S&P 500 ANNUAL DIVIDEND INDEX - CHICAGO MERCANTILE EXCHANGE,43874A,26203,198066,12265,-171863,82828,0,3153,82828,118717,35862,22863,82855,12182,9242,321,2940,4157,917,3240
250422,S&P 500 ANNUAL DIVIDEND INDEX - CHICAGO MERCANTILE EXCHANGE,43874A,27832,193534,14593,-165702,84890,0,3671,84890,109814,34549,26469,75265,12009,9242,321,2767,3783,1003,2780
250415,S&P 500 ANNUAL DIVIDEND INDEX - CHICAGO MERCANTILE EXCHANGE,43874A,28486,190962,15009,-162476,86141,0,3289,86141,107528,34893,26239,72635,9926,9242,315,684,3941,925,3016
250408,S&P 500 ANNUAL DIVIDEND INDEX - CHICAGO MERCANTILE EXCHANGE,43874A,24071,188714,15315,-164643,82676,0,3289,82676,109280,30891,24401,78389,9887,9242,349,645,3797,864,2933
250401,S&P 500 ANNUAL DIVIDEND INDEX - CHICAGO MERCANTILE EXCHANGE,43874A,18679,200796,16067,-182117,89468,0,3270,89468,115543,28482,23328,87061,11276,9242,0,2034,3999,445,3554
250325,S&P 500 ANNUAL DIVIDEND INDEX - CHICAGO MERCANTILE EXCHANGE,43874A,16208,199910,15441,-183702,89250,0,3185,89250,116688,27058,21375,89630,10879,9242,0,1637,3899,714,3185
250318,S&P 500 ANNUAL DIVIDEND INDEX - CHICAGO MERCANTILE EXCHANGE,43874A,16938,193731,14473,-176793,88677,0,3099,88677,111323,27657,19693,83666,10810,9242,0,1568,3588,706,2882
250311,S&P 500 ANNUAL DIVIDEND INDEX - CHICAGO MERCANTILE EXCHANGE,43874A,19294,192885,12586,-173591,90760,0,3113,90760,104052,25749,18402,78303,10762,9242,0,1520,3695,687,3008
250304,S&P 500 ANNUAL DIVIDEND INDEX - CHICAGO MERCANTILE EXCHANGE,43874A,18633,190496,14420,-171863,88704,0,3113,88704,104100,25575,17034,78525,10448,9242,0,1206,4113,685,3428
250225,S&P 500 ANNUAL DIVIDEND INDEX - CHICAGO MERCANTILE EXCHANGE,43874A,19642,187719,15042,-168077,86793,0,3326,86793,101421,24761,14526,76660,10871,9242,0,1629,3712,717,2995
250218,S&P 500 ANNUAL DIVIDEND INDEX - CHICAGO MERCANTILE EXCHANGE,43874A,19298,186312,14842,-167014,86679,0,3326,86679,100633,24800,15080,75833,10765,9242,0,1523,3706,727,2979
250211,S&P 500 ANNUAL DIVIDEND INDEX - CHICAGO MERCANTILE EXCHANGE,43874A,18807,182990,15314,-164183,84896,0,3328,84896,99420,24880,13841,74540,10908,9242,0,1666,3759,678,3081
250204,S&P 500 ANNUAL DIVIDEND INDEX - CHICAGO MERCANTILE EXCHANGE,43874A,20789,183347,15227,-162558,85070,0,3328,85070,99570,26443,10946,73127,10783,9242,0,1541,3475,655,2820
250128,S&P 500 ANNUAL DIVIDEND INDEX - CHICAGO MERCANTILE EXCHANGE,43874A,22686,177312,13996,-154626,85409,0,3178,85409,93547,28725,10632,64822,10815,9242,0,1573,3609,787,2822
250121,S&P 500 ANNUAL DIVIDEND INDEX - CHICAGO MERCANTILE EXCHANGE,43874A,22453,173600,13160,-151147,84598,0,3178,84598,91305,28246,12282,63059,10534,9242,0,1292,3032,834,2198
250114,S&P 500 ANNUAL DIVIDEND INDEX - CHICAGO MERCANTILE EXCHANGE,43874A,22186,172586,12879,-150400,84548,0,3178,84548,90358,27947,11228,62411,10115,9242,0,873,3331,763,2568
250107,S&P 500 ANNUAL DIVIDEND INDEX - CHICAGO MERCANTILE EXCHANGE,43874A,20998,169345,12642,-148347,83485,0,3178,83485,89004,27888,10189,61116,10281,9242,0,1039,3446,739,2707
250729,S&P 500 QUARTERLY DIVIDEND IND - CHICAGO MERCANTILE EXCHANGE,43874Q,4334,15660,3955,-11326,2230,0,0,2230,33731,25258,118,8473,605,0,0,605,19,1,18
250722,S&P 500 QUARTERLY DIVIDEND IND - CHICAGO MERCANTILE EXCHANGE,43874Q,4334,16237,3740,-11903,2230,0,0,2230,33650,24596,118,9054,601,0,0,601,19,1,18
250715,S&P 500 QUARTERLY DIVIDEND IND - CHICAGO MERCANTILE EXCHANGE,43874Q,4424,16051,3590,-11627,2229,0,0,2229,33250,24470,118,8780,600,0,0,600,19,1,18
250708,S&P 500 QUARTERLY DIVIDEND IND - CHICAGO MERCANTILE EXCHANGE,43874Q,4839,17680,1374,-12841,2229,0,0,2229,32692,22690,118,10002,600,0,0,600,19,9,10
250701,S&P 500 QUARTERLY DIVIDEND IND - CHICAGO MERCANTILE EXCHANGE,43874Q,4169,17645,1988,-13476,2229,0,0,2229,32930,22293,22,10637,600,0,0,600,19,9,10
250624,S&P 500 QUARTERLY DIVIDEND IND - CHICAGO MERCANTILE EXCHANGE,43874Q,4238,15356,844,-11118,2229,0,0,2229,29722,21348,22,8374,500,0,0,500,19,4,15
250617,S&P 500 QUARTERLY DIVIDEND IND - CHICAGO MERCANTILE EXCHANGE,43874Q,4074,27126,2415,-23052,2499,0,0,2499,45243,25142,920,20101,500,41,0,459,25,32,-7
250610,S&P 500 QUARTERLY DIVIDEND IND - CHICAGO MERCANTILE EXCHANGE,43874Q,3056,24314,2667,-21258,2404,0,0,2404,43454,25058,920,18396,500,41,0,459,20,21,-1
250603,S&P 500 QUARTERLY DIVIDEND IND - CHICAGO MERCANTILE EXCHANGE,43874Q,2466,22760,2296,-20294,2404,0,0,2404,41261,23830,939,17431,500,41,0,459,20,20,0
250527,S&P 500 QUARTERLY DIVIDEND IND - CHICAGO MERCANTILE EXCHANGE,43874Q,2466,22010,2326,-19544,2404,0,0,2404,40065,23384,919,16681,500,41,0,459,20,20,0
250520,S&P 500 QUARTERLY DIVIDEND IND - CHICAGO MERCANTILE EXCHANGE,43874Q,2518,21261,2002,-18743,2404,0,0,2404,38950,23070,908,15880,500,41,0,459,20,20,0
250513,S&P 500 QUARTERLY DIVIDEND IND - CHICAGO MERCANTILE EXCHANGE,43874Q,2568,20994,2477,-18426,2404,0,0,2404,38575,23012,0,15563,500,41,0,459,20,20,0
250506,S&P 500 QUARTERLY DIVIDEND IND - CHICAGO MERCANTILE EXCHANGE,43874Q,2608,20584,2629,-17976,2404,0,0,2404,37999,22886,70,15113,500,41,0,459,20,20,0
250429,S&P 500 QUARTERLY DIVIDEND IND - CHICAGO MERCANTILE EXCHANGE,43874Q,2864,20583,2659,-17719,2404,0,0,2404,37339,22515,85,14824,532,41,0,491,20,20,0
250422,S&P 500 QUARTERLY DIVIDEND IND - CHICAGO MERCANTILE EXCHANGE,43874Q,2854,20915,2704,-18061,2404,0,0,2404,34770,19647,144,15123,575,41,0,534,20,20,0
250415,S&P 500 QUARTERLY DIVIDEND IND - CHICAGO MERCANTILE EXCHANGE,43874Q,2754,20440,2818,-17686,2404,0,0,2404,33791,19058,198,14733,590,41,0,549,20,20,0
250408,S&P 500 QUARTERLY DIVIDEND IND - CHICAGO MERCANTILE EXCHANGE,43874Q,2099,19630,3740,-17531,2404,0,0,2404,30879,16725,858,14154,1051,41,0,1010,20,57,-37
250401,S&P 500 QUARTERLY DIVIDEND IND - CHICAGO MERCANTILE EXCHANGE,43874Q,1960,19545,3445,-17585,2444,0,0,2444,28481,14532,892,13949,1206,0,0,1206,0,14,-14
250325,S&P 500 QUARTERLY DIVIDEND IND - CHICAGO MERCANTILE EXCHANGE,43874Q,1350,17775,3405,-16425,2444,0,0,2444,26624,13796,903,12828,1167,0,0,1167,0,14,-14
250318,S&P 500 QUARTERLY DIVIDEND IND - CHICAGO MERCANTILE EXCHANGE,43874Q,255,27958,4632,-27703,13209,0,0,13209,28179,15544,3019,12635,1373,0,0,1373,500,14,486
250311,S&P 500 QUARTERLY DIVIDEND IND - CHICAGO MERCANTILE EXCHANGE,43874Q,445,23684,3286,-23239,13169,0,0,13169,23066,14361,3034,8705,1365,0,0,1365,0,0,0
250304,S&P 500 QUARTERLY DIVIDEND IND - CHICAGO MERCANTILE EXCHANGE,43874Q,255,20677,3388,-20422,13169,0,0,13169,20802,14652,1614,6150,1103,0,0,1103,0,0,0
250225,S&P 500 QUARTERLY DIVIDEND IND - CHICAGO MERCANTILE EXCHANGE,43874Q,255,24368,5238,-24113,13169,0,0,13169,24755,14890,1211,9865,1079,0,0,1079,0,0,0
250218,S&P 500 QUARTERLY DIVIDEND IND - CHICAGO MERCANTILE EXCHANGE,43874Q,255,20921,3340,-20666,9319,0,0,9319,24428,14143,1212,10285,1062,0,0,1062,0,0,0
250211,S&P 500 QUARTERLY DIVIDEND IND - CHICAGO MERCANTILE EXCHANGE,43874Q,2036,20441,2309,-18405,6554,0,0,6554,25213,14418,1214,10795,1056,0,0,1056,0,0,0
250204,S&P 500 QUARTERLY DIVIDEND IND - CHICAGO MERCANTILE EXCHANGE,43874Q,2866,19653,1709,-16787,5154,0,0,5154,25545,14439,1265,11106,527,0,0,527,0,0,0
250128,S&P 500 QUARTERLY DIVIDEND IND - CHICAGO MERCANTILE EXCHANGE,43874Q,2814,19653,1509,-16839,4300,0,0,4300,26636,14557,1088,12079,460,0,0,460,0,0,0
250121,S&P 500 QUARTERLY DIVIDEND IND - CHICAGO MERCANTILE EXCHANGE,43874Q,3064,19312,1509,-16248,4200,0,0,4200,25369,13781,1188,11588,460,0,0,460,0,0,0
250114,S&P 500 QUARTERLY DIVIDEND IND - CHICAGO MERCANTILE EXCHANGE,43874Q,3364,16712,1159,-13348,4200,0,0,4200,22318,13370,1243,8948,200,0,0,200,0,0,0
250107,S&P 500 QUARTERLY DIVIDEND IND - CHICAGO MERCANTILE EXCHANGE,43874Q,3260,15285,740,-12025,4200,0,0,4200,21055,13230,706,7825,0,0,0,0,0,0,0
250729,UST BOND - CHICAGO BOARD OF TRADE,020601,9495,190027,8653,-180532,1112178,595243,209212,516935,93324,523061,28157,-429737,92456,98444,1129,-5988,245202,145880,99322
250722,UST BOND - CHICAGO BOARD OF TRADE,020601,16927,192724,11390,-175797,1100148,595146,215779,505002,87110,493931,31746,-406821,94783,106289,828,-11506,234183,145061,89122
250715,UST BOND - CHICAGO BOARD OF TRADE,020601,23245,192222,11567,-168977,1123130,576737,219045,546393,76363,519270,37577,-442907,86976,97721,787,-10745,226498,150262,76236
250708,UST BOND - CHICAGO BOARD OF TRADE,020601,17588,233589,4511,-216001,1154211,585505,217012,568706,91132,518809,30922,-427677,94454,97191,696,-2737,226683,148974,77709
250701,UST BOND - CHICAGO BOARD OF TRADE,020601,12822,237495,7971,-224673,1130639,585186,216926,545453,90019,505529,30819,-415510,86222,97656,1094,-11434,237047,130883,106164
250624,UST BOND - CHICAGO BOARD OF TRADE,020601,15786,224221,7309,-208435,1098500,537547,208144,560953,77609,522543,23209,-444934,101451,97202,4147,4249,236647,148480,88167
250617,UST BOND - CHICAGO BOARD OF TRADE,020601,18510,226738,6470,-208228,1077213,528717,202515,548496,80861,497953,16098,-417092,103455,120022,4265,-16567,233575,140184,93391
250610,UST BOND - CHICAGO BOARD OF TRADE,020601,17172,201999,5597,-184827,1074794,527954,202982,546840,82858,516860,17507,-434002,94348,111607,4070,-17259,229114,139866,89248
250603,UST BOND - CHICAGO BOARD OF TRADE,020601,16481,188967,7593,-172486,1087503,514401,210644,573102,91692,573327,22128,-481635,96626,103278,3049,-6652,228215,140544,87671
250527,UST BOND - CHICAGO BOARD OF TRADE,020601,21951,205957,20786,-184006,1110225,546357,229168,563868,69785,563700,61120,-493915,102889,98479,5075,4410,278158,168515,109643
250520,UST BOND - CHICAGO BOARD OF TRADE,020601,23219,175557,11597,-152338,1130324,522396,221698,607928,53881,613832,59120,-559951,114315,101921,2771,12394,235851,143884,91967
250513,UST BOND - CHICAGO BOARD OF TRADE,020601,26381,185435,11039,-159054,1145831,526506,214173,619325,47874,613903,44815,-566029,105452,97900,3388,7552,230861,132655,98206
250506,UST BOND - CHICAGO BOARD OF TRADE,020601,23699,197744,6844,-174045,1143209,515035,213477,628174,53146,616434,26020,-563288,102725,92059,3367,10666,230957,132464,98493
250429,UST BOND - CHICAGO BOARD OF TRADE,020601,25691,213503,6061,-187812,1153710,528228,208047,625482,54567,599491,27263,-544924,101866,88021,1768,13845,225910,132501,93409
250422,UST BOND - CHICAGO BOARD OF TRADE,020601,22448,164427,5097,-141979,1165429,509464,215289,655965,70220,661174,23441,-590954,92337,92877,1423,-540,214303,136795,77508
250415,UST BOND - CHICAGO BOARD OF TRADE,020601,23103,146091,4742,-122988,1155160,535206,209658,619954,84161,668124,16874,-583963,96849,92438,2122,4411,213725,131139,82586
250408,UST BOND - CHICAGO BOARD OF TRADE,020601,25221,159329,4444,-134108,1089694,542035,224812,547659,134199,650186,29233,-515987,103479,99886,1722,3593,230900,132057,98843
250401,UST BOND - CHICAGO BOARD OF TRADE,020601,17275,161694,5613,-144419,1112338,552820,223754,559518,125707,631023,36459,-505316,96224,109547,218,-13323,229567,126027,103540
250325,UST BOND - CHICAGO BOARD OF TRADE,020601,22414,157376,3652,-134962,1099970,539865,213025,560105,134326,644289,30141,-509963,96345,110575,218,-14230,227483,128433,99050
250318,UST BOND - CHICAGO BOARD OF TRADE,020601,27986,138109,5606,-110123,1067550,548018,211019,519532,187828,681839,31999,-494011,88276,106770,219,-18494,230672,127576,103096
250311,UST BOND - CHICAGO BOARD OF TRADE,020601,32321,116185,10457,-83864,1067954,515230,205332,552724,194879,738210,29093,-543331,86390,106182,1499,-19792,226379,132116,94263
250304,UST BOND - CHICAGO BOARD OF TRADE,020601,21733,158001,13169,-136268,1082500,500092,205271,582408,228545,758698,58326,-530153,87436,103876,420,-16440,234473,134020,100453
250225,UST BOND - CHICAGO BOARD OF TRADE,020601,19152,175087,48256,-155935,1053905,493352,270792,560553,310554,781123,180753,-470569,76660,104009,12891,-27349,233255,139955,93300
250218,UST BOND - CHICAGO BOARD OF TRADE,020601,27682,194158,12364,-166476,1056735,504468,237822,552267,376899,816910,56281,-440011,78604,95141,2471,-16537,211937,141180,70757
250211,UST BOND - CHICAGO BOARD OF TRADE,020601,28027,203001,10572,-174974,1070159,511439,227583,558720,369758,819808,38051,-450050,79128,88365,1877,-9237,213125,137584,75541
250204,UST BOND - CHICAGO BOARD OF TRADE,020601,21943,172132,8543,-150189,1035936,496332,223242,539604,351599,816930,30231,-465331,74509,75181,1803,-672,219800,143212,76588
250128,UST BOND - CHICAGO BOARD OF TRADE,020601,25182,150503,9115,-125321,1038668,525339,215423,513329,357344,793188,25715,-435844,71326,91878,584,-20552,215698,147310,68388
250121,UST BOND - CHICAGO BOARD OF TRADE,020601,29170,163787,5884,-134617,1016184,496044,219943,520140,338455,767818,22110,-429363,76047,98450,426,-22403,214843,148600,66243
250114,UST BOND - CHICAGO BOARD OF TRADE,020601,24868,148235,6604,-123367,1034278,484999,218746,549279,336950,794760,23554,-457810,80545,105427,509,-24882,214663,157883,56780
250107,UST BOND - CHICAGO BOARD OF TRADE,020601,32530,160891,3893,-128361,1024502,478772,216502,545730,328569,783133,27265,-454564,82023,102435,224,-20412,211908,154301,57607
250729,ULTRA UST BOND - CHICAGO BOARD OF TRADE,020604,17086,129142,4521,-112056,1239560,598579,357788,640981,98943,613070,32059,-514127,26268,28687,2004,-2419,178251,190630,-12379
250722,ULTRA UST BOND - CHICAGO BOARD OF TRADE,020604,24780,103355,3770,-78575,1233355,607861,353062,625494,98696,611798,26099,-513102,25273,58241,918,-32968,183117,183966,-849
250715,ULTRA UST BOND - CHICAGO BOARD OF TRADE,020604,26618,106547,2735,-79929,1259125,612479,340198,646646,98743,621251,33472,-522508,22758,56904,218,-34146,179361,189424,-10063
250708,ULTRA UST BOND - CHICAGO BOARD OF TRADE,020604,21368,107973,3243,-86605,1276761,608499,341437,668262,98965,621838,30138,-522873,24638,68814,294,-44176,164185,178793,-14608
250701,ULTRA UST BOND - CHICAGO BOARD OF TRADE,020604,16522,119919,4014,-103397,1257868,606641,350065,651227,90308,592239,31309,-501931,24852,68226,297,-43374,167509,170034,-2525
250624,ULTRA UST BOND - CHICAGO BOARD OF TRADE,020604,13030,105463,1435,-92433,1183113,527513,346460,655600,87495,572690,34253,-485195,45799,140834,2768,-95035,178019,160956,17063
250617,ULTRA UST BOND - CHICAGO BOARD OF TRADE,020604,13811,108710,2081,-94899,1197623,533777,347703,663846,83594,553215,31680,-469621,47389,136632,2634,-89243,171323,181406,-10083
250610,ULTRA UST BOND - CHICAGO BOARD OF TRADE,020604,15695,95296,1585,-79601,1202224,540641,343833,661583,87060,569298,31310,-482238,49327,139528,2791,-90201,167180,176723,-9543
250603,ULTRA UST BOND - CHICAGO BOARD OF TRADE,020604,15980,77422,2261,-61442,1198695,548030,337970,650665,83172,583711,35753,-500539,49460,136257,3940,-86797,177487,179374,-1887
250527,ULTRA UST BOND - CHICAGO BOARD OF TRADE,020604,10363,80206,9616,-69843,1214525,611667,332407,602858,76851,618188,49472,-541337,46328,120595,8268,-74267,275833,193244,82589
250520,ULTRA UST BOND - CHICAGO BOARD OF TRADE,020604,6653,84775,7760,-78122,1243138,517031,313477,726107,77123,681698,80481,-604575,51086,105707,9060,-54621,184656,173445,11211
250513,ULTRA UST BOND - CHICAGO BOARD OF TRADE,020604,4989,122258,6546,-117269,1226390,511921,303763,714469,92570,670411,32758,-577841,50712,97053,2946,-46341,180961,153979,26982
250506,ULTRA UST BOND - CHICAGO BOARD OF TRADE,020604,5237,133219,5233,-127982,1226175,508200,304042,717975,90861,656424,23813,-565563,53149,103043,2435,-49894,177814,152350,25464
250429,ULTRA UST BOND - CHICAGO BOARD OF TRADE,020604,5084,138350,6718,-133266,1229788,510575,300336,719213,84059,647259,22971,-563200,55295,111615,1970,-56320,173657,140084,33573
250422,ULTRA UST BOND - CHICAGO BOARD OF TRADE,020604,9254,141074,10434,-131820,1216698,501462,300063,715236,83489,640205,26935,-556716,57294,115283,1949,-57989,173007,141718,31289
250415,ULTRA UST BOND - CHICAGO BOARD OF TRADE,020604,7426,139502,4770,-132076,1172174,497402,306320,674772,78790,621231,31470,-542441,57021,104618,1949,-47597,175820,128478,47342
250408,ULTRA UST BOND - CHICAGO BOARD OF TRADE,020604,7374,191201,602,-183827,1172873,451505,296967,721368,78468,626661,34397,-548193,59586,89758,1949,-30172,178385,137561,40824
250401,ULTRA UST BOND - CHICAGO BOARD OF TRADE,020604,7010,184101,8119,-177091,1140595,403777,312052,736818,99357,635733,10228,-536376,58590,113278,1921,-54688,176801,145464,31337
250325,ULTRA UST BOND - CHICAGO BOARD OF TRADE,020604,9104,152776,11932,-143672,1094347,421189,313376,673158,94978,607414,13906,-512436,54438,110281,1920,-55843,188846,150053,38793
250318,ULTRA UST BOND - CHICAGO BOARD OF TRADE,020604,11591,153237,9539,-141646,1103140,405153,307566,697987,94897,625751,14564,-530854,53315,109724,1920,-56409,185518,154596,30922
250311,ULTRA UST BOND - CHICAGO BOARD OF TRADE,020604,7318,135841,7043,-128523,1091388,411666,313116,679722,91612,621252,12476,-529640,53062,107702,1791,-54640,184570,151489,33081
250304,ULTRA UST BOND - CHICAGO BOARD OF TRADE,020604,7387,134809,4265,-127422,1091250,402313,314416,688937,94241,608862,8755,-514621,54015,131836,1791,-77821,185058,154131,30927
250225,ULTRA UST BOND - CHICAGO BOARD OF TRADE,020604,7158,135970,9946,-128812,1093290,400512,429280,692778,112579,622109,52083,-509530,49924,110631,9175,-60707,202138,195867,6271
250218,ULTRA UST BOND - CHICAGO BOARD OF TRADE,020604,7300,126024,5120,-118724,1094340,399733,327188,694607,100399,648044,27873,-547645,44101,104875,3347,-60774,194395,161859,32536
250211,ULTRA UST BOND - CHICAGO BOARD OF TRADE,020604,7226,105989,5040,-98763,1102707,418101,326138,684606,108210,650756,21111,-542546,41839,110234,3346,-68395,179900,154802,25098
250204,ULTRA UST BOND - CHICAGO BOARD OF TRADE,020604,6948,97675,7889,-90727,1107393,416604,326582,690789,99552,638999,20501,-539447,44052,118546,3346,-74494,175978,162099,13879
250128,ULTRA UST BOND - CHICAGO BOARD OF TRADE,020604,6723,98396,8311,-91673,1096801,407769,327561,689032,89035,635715,24029,-546680,43407,114100,3353,-70693,180040,160026,20014
250121,ULTRA UST BOND - CHICAGO BOARD OF TRADE,020604,8862,104067,5355,-95205,1114506,428062,325820,686444,92415,617518,19857,-525103,46826,113606,3653,-66780,175998,175354,644
250114,ULTRA UST BOND - CHICAGO BOARD OF TRADE,020604,10125,87825,6076,-77700,1127373,444638,321843,682735,94807,621456,17905,-526649,46043,116524,2648,-70481,173518,181423,-7905
250107,ULTRA UST BOND - CHICAGO BOARD OF TRADE,020604,7411,109707,2936,-102296,1119325,423808,318825,695517,85081,602882,17548,-517801,44016,115152,1965,-71136,177050,181334,-4284
250729,UST 2Y NOTE - CHICAGO BOARD OF TRADE,042601,175825,488577,15854,-312752,2646547,484787,457726,2161760,499427,2477936,136341,-1978509,215891,246262,6627,-30371,272728,112856,159872
250722,UST 2Y NOTE - CHICAGO BOARD OF TRADE,042601,170421,488724,19783,-318303,2663803,483299,439445,2180504,484279,2463947,128546,-1979668,210412,225710,11091,-15298,253553,120788,132765
250715,UST 2Y NOTE - CHICAGO BOARD OF TRADE,042601,161190,476734,16516,-315544,2694817,461120,430582,2233697,465205,2489875,134531,-2024670,206765,225622,3290,-18857,247372,121998,125374
250708,UST 2Y NOTE - CHICAGO BOARD OF TRADE,042601,164942,509242,18030,-344300,2590907,440789,442276,2150118,531949,2497813,129170,-1965864,219988,206036,3570,13952,255629,109535,146094
250701,UST 2Y NOTE - CHICAGO BOARD OF TRADE,042601,179537,464166,21393,-284629,2579403,456567,436921,2122836,520175,2534392,92516,-2014217,219381,173550,3750,45831,258270,128091,130179
250624,UST 2Y NOTE - CHICAGO BOARD OF TRADE,042601,167583,459358,17100,-291775,2403952,379374,442840,2024578,510506,2477550,72558,-1967044,292627,183031,4687,109596,248595,123950,124645
250617,UST 2Y NOTE - CHICAGO BOARD OF TRADE,042601,142378,440816,10459,-298438,2382789,394375,437520,1988414,462383,2302464,75198,-1840081,281424,200414,4057,81010,232901,163806,69095
250610,UST 2Y NOTE - CHICAGO BOARD OF TRADE,042601,178632,419237,10438,-240605,2272451,400528,464959,1871923,438893,2299354,68572,-1860461,280941,181813,6016,99128,242461,112446,130015
250603,UST 2Y NOTE - CHICAGO BOARD OF TRADE,042601,183028,382093,6764,-199065,2161267,414724,459992,1746543,439027,2186144,80046,-1747117,255894,175664,9363,80230,233429,114020,119409
250527,UST 2Y NOTE - CHICAGO BOARD OF TRADE,042601,173727,418765,43168,-245038,2138098,437828,472252,1700270,437465,2185314,116574,-1747849,256780,193077,13570,63703,368710,139796,228914
250520,UST 2Y NOTE - CHICAGO BOARD OF TRADE,042601,190050,433130,15439,-243080,2220166,377414,529743,1842752,447234,2263787,282640,-1816553,293887,203951,15157,89936,250064,123119,126945
250513,UST 2Y NOTE - CHICAGO BOARD OF TRADE,042601,212516,420337,14170,-207821,2236299,363297,556546,1873002,363609,2214922,255417,-1851313,258603,181277,5176,77326,247644,138838,108806
250506,UST 2Y NOTE - CHICAGO BOARD OF TRADE,042601,196280,446596,13470,-250316,2189069,318170,610493,1870899,345737,2207620,230568,-1861883,265667,171745,4216,93922,256003,108625,147378
250429,UST 2Y NOTE - CHICAGO BOARD OF TRADE,042601,183266,443997,11416,-260731,2239241,308348,543789,1930893,408652,2295808,200806,-1887156,261014,177390,2426,83624,239843,106473,133370
250422,UST 2Y NOTE - CHICAGO BOARD OF TRADE,042601,174943,459547,10308,-284604,2286708,256922,505308,2029786,403063,2343767,209272,-1940704,257380,178382,4965,78998,238373,121849,116524
250415,UST 2Y NOTE - CHICAGO BOARD OF TRADE,042601,149981,467210,9617,-317229,2264743,272659,488414,1992084,391445,2277282,200647,-1885837,254336,157984,4732,96352,227809,113179,114630
250408,UST 2Y NOTE - CHICAGO BOARD OF TRADE,042601,123410,433956,16146,-310546,2110490,332439,492425,1778051,496978,2163365,271073,-1666387,268740,197680,2886,71060,240732,112910,127822
250401,UST 2Y NOTE - CHICAGO BOARD OF TRADE,042601,205935,369918,14686,-163983,2084593,344111,459926,1740482,408651,2197743,242874,-1789092,272131,171161,2457,100970,228193,116570,111623
250325,UST 2Y NOTE - CHICAGO BOARD OF TRADE,042601,210485,360479,12372,-149994,2027844,327291,441887,1700553,371536,2116862,311949,-1745326,270185,197282,2349,72903,239053,117189,121864
250318,UST 2Y NOTE - CHICAGO BOARD OF TRADE,042601,166628,349447,12551,-182819,2066488,268385,436461,1798103,323533,2183492,280475,-1859959,278492,170743,4872,107749,242111,105185,136926
250311,UST 2Y NOTE - CHICAGO BOARD OF TRADE,042601,157746,398966,14760,-241220,2164241,258756,407070,1905485,330414,2225611,318480,-1895197,277055,183037,9505,94018,235953,99039,136914
250304,UST 2Y NOTE - CHICAGO BOARD OF TRADE,042601,90627,413895,15223,-323268,2141401,279551,408276,1861850,384238,2186847,253177,-1802609,280351,155400,22518,124951,240539,101463,139076
250225,UST 2Y NOTE - CHICAGO BOARD OF TRADE,042601,135569,395947,39872,-260378,2120886,287096,469298,1833790,418047,2307426,407953,-1889379,332214,159250,38692,172964,270344,127341,143003
250218,UST 2Y NOTE - CHICAGO BOARD OF TRADE,042601,126150,375743,30325,-249593,2268693,313265,413802,1955428,408866,2411033,283450,-2002167,358213,170860,32614,187353,244396,135417,108979
250211,UST 2Y NOTE - CHICAGO BOARD OF TRADE,042601,164486,379417,23186,-214931,2335774,327435,380923,2008339,394037,2479748,209302,-2085711,385419,201029,26184,184390,237223,129310,107913
250204,UST 2Y NOTE - CHICAGO BOARD OF TRADE,042601,151766,337651,14245,-185885,2309284,347310,377813,1961974,430361,2551038,162117,-2120677,383143,178043,27521,205100,250760,111272,139488
250128,UST 2Y NOTE - CHICAGO BOARD OF TRADE,042601,154578,351311,12789,-196733,2362334,325141,418345,2037193,430488,2562384,185206,-2131896,376779,223827,27272,152952,253132,114648,138484
250121,UST 2Y NOTE - CHICAGO BOARD OF TRADE,042601,144411,378262,13586,-233851,2317912,327759,418398,1990153,394931,2515720,187337,-2120789,393897,168884,25016,225013,260164,120690,139474
250114,UST 2Y NOTE - CHICAGO BOARD OF TRADE,042601,122486,391650,16238,-269164,2419742,310544,370888,2109198,413574,2659516,228661,-2245942,455896,162738,22519,293158,252707,139957,112750
250107,UST 2Y NOTE - CHICAGO BOARD OF TRADE,042601,149374,386318,12264,-236944,2376862,357979,355998,2018883,385573,2613245,259230,-2227672,463836,160319,17275,303517,254961,112745,142216
250729,UST 10Y NOTE - CHICAGO BOARD OF TRADE,043602,270020,545673,38130,-275653,2978791,807080,518534,2171711,305106,2503548,77206,-2198442,327417,119653,2773,207764,440511,345891,94620
250722,UST 10Y NOTE - CHICAGO BOARD OF TRADE,043602,275796,517536,27843,-241740,2873008,817720,533083,2055288,296657,2226817,70395,-1930160,317741,290386,316,27355,428586,339329,89257
250715,UST 10Y NOTE - CHICAGO BOARD OF TRADE,043602,248934,554873,14904,-305939,2969924,835770,546254,2134154,294651,2268238,56518,-1973587,330133,271119,208,59014,435018,348660,86358
250708,UST 10Y NOTE - CHICAGO BOARD OF TRADE,043602,258197,566118,25574,-307921,2998048,803566,537301,2194482,270550,2328835,60765,-2058285,326490,261713,115,64777,443577,336630,106947
250701,UST 10Y NOTE - CHICAGO BOARD OF TRADE,043602,274599,603914,29835,-329315,3027697,769576,558144,2258121,334595,2368934,84762,-2034339,312401,295408,191,16993,428154,339614,88540
250624,UST 10Y NOTE - CHICAGO BOARD OF TRADE,043602,239668,601200,23979,-361532,2791767,716605,540268,2075162,351813,2266214,66296,-1914401,458728,354804,1692,103924,444200,347353,96847
250617,UST 10Y NOTE - CHICAGO BOARD OF TRADE,043602,214384,571943,18757,-357559,2820614,670725,543259,2149889,248390,2265686,70993,-2017296,464082,330829,15197,133253,430879,339166,91713
250610,UST 10Y NOTE - CHICAGO BOARD OF TRADE,043602,170505,515955,15628,-345450,2751591,690958,555439,2060633,244639,2187895,64904,-1943256,492741,343043,4390,149698,431976,353601,78375
250603,UST 10Y NOTE - CHICAGO BOARD OF TRADE,043602,181044,506862,59551,-325818,2768546,674772,546660,2093774,247132,2198795,87080,-1951663,456924,345153,9614,111771,415931,343995,71936
250527,UST 10Y NOTE - CHICAGO BOARD OF TRADE,043602,159306,605778,143994,-446472,2738572,714727,572296,2023845,187765,2114026,317201,-1926261,516505,347193,51520,169312,565218,385642,179576
250520,UST 10Y NOTE - CHICAGO BOARD OF TRADE,043602,184523,588086,126904,-403563,2809356,707398,595550,2101958,198299,2145615,265639,-1947316,549783,385753,62078,164030,438754,353863,84891
250513,UST 10Y NOTE - CHICAGO BOARD OF TRADE,043602,182174,632281,98491,-450107,2902589,739610,565896,2162979,193076,2132082,173755,-1939006,523745,382909,62844,140836,454804,369506,85298
250506,UST 10Y NOTE - CHICAGO BOARD OF TRADE,043602,193703,575352,114576,-381649,2886450,671459,574378,2214991,191813,2228175,124526,-2036362,446806,384766,5144,62040,458736,317756,140980
250429,UST 10Y NOTE - CHICAGO BOARD OF TRADE,043602,211473,617770,110124,-406297,2773117,712093,558118,2061024,237175,2070536,99802,-1833361,410501,387473,7271,23028,472429,316823,155606
250422,UST 10Y NOTE - CHICAGO BOARD OF TRADE,043602,193474,678665,55497,-485191,2721149,649329,584765,2071820,204338,1981285,116023,-1776947,399702,351299,3053,48403,452338,310423,141915
250415,UST 10Y NOTE - CHICAGO BOARD OF TRADE,043602,176229,717119,71172,-540890,2755221,672787,584703,2082434,201132,2012009,85571,-1810877,431789,302963,3011,128826,452056,311549,140507
250408,UST 10Y NOTE - CHICAGO BOARD OF TRADE,043602,217574,620852,61806,-403278,2767173,708747,580343,2058426,214158,2087845,131141,-1873687,425590,369508,3476,56082,489903,327446,162457
250401,UST 10Y NOTE - CHICAGO BOARD OF TRADE,043602,282328,536443,28803,-254115,2661217,875034,587643,1786183,347325,1987738,119715,-1640413,384477,395784,3335,-11307,478662,359010,119652
250325,UST 10Y NOTE - CHICAGO BOARD OF TRADE,043602,285015,546549,24676,-261534,2665260,945335,577406,1719925,424081,1979943,98781,-1555862,389754,395258,4031,-5504,453784,350809,102975
250318,UST 10Y NOTE - CHICAGO BOARD OF TRADE,043602,296626,550867,33354,-254241,2686494,973531,546730,1712963,349415,1942186,126263,-1592771,395600,347216,3000,48384,431013,345348,85665
250311,UST 10Y NOTE - CHICAGO BOARD OF TRADE,043602,230036,559176,25060,-329140,2559594,934433,562875,1625161,385447,1818554,110299,-1433107,384581,342909,1292,41672,439833,344419,95414
250304,UST 10Y NOTE - CHICAGO BOARD OF TRADE,043602,241900,503611,38729,-261711,2502636,933723,577214,1568913,419784,1839682,115499,-1419898,403872,350076,931,53796,408077,349177,58900
250225,UST 10Y NOTE - CHICAGO BOARD OF TRADE,043602,236986,530413,109512,-293427,2485649,958530,714163,1527119,475999,1807498,314058,-1331499,427129,382376,19425,44753,429465,376411,53054
250218,UST 10Y NOTE - CHICAGO BOARD OF TRADE,043602,177025,569760,59473,-392735,2479135,961413,635106,1517722,530433,1913104,359149,-1382671,469148,252895,102682,216253,426916,385485,41431
250211,UST 10Y NOTE - CHICAGO BOARD OF TRADE,043602,222213,539691,38164,-317478,2500392,936017,610383,1564375,503823,2048572,146362,-1544749,467598,221027,26375,246571,420463,369182,51281
250204,UST 10Y NOTE - CHICAGO BOARD OF TRADE,043602,210051,554579,29431,-344528,2505919,913071,618743,1592848,505277,2015295,109836,-1510018,480284,274723,18490,205561,422857,366720,56137
250128,UST 10Y NOTE - CHICAGO BOARD OF TRADE,043602,194402,590601,39845,-396199,2571859,836958,585943,1734901,472077,2032824,94897,-1560747,478511,316734,20034,161777,426342,366074,60268
250121,UST 10Y NOTE - CHICAGO BOARD OF TRADE,043602,168320,603624,31937,-435304,2530971,860714,580079,1670257,449978,1802008,101661,-1352030,459852,357980,4671,101872,422956,407751,15205
250114,UST 10Y NOTE - CHICAGO BOARD OF TRADE,043602,137530,634574,19613,-497044,2497529,863638,573565,1633891,493736,1761347,74591,-1267611,466154,395014,4427,71140,440081,380457,59624
250107,UST 10Y NOTE - CHICAGO BOARD OF TRADE,043602,162313,610773,19601,-448460,2493589,827347,557152,1666242,425270,1865453,67782,-1440183,470711,319627,4643,151084,441693,370376,71317
250729,ULTRA UST 10Y - CHICAGO BOARD OF TRADE,043607,17472,223996,4315,-206524,1370887,698149,418190,672738,211809,604257,26034,-392448,146315,150522,1858,-4207,220658,290217,-69559
250722,ULTRA UST 10Y - CHICAGO BOARD OF TRADE,043607,19404,201551,4740,-182147,1388021,706267,419571,681754,180685,621062,18245,-440377,159663,148683,117,10980,223556,293766,-70210
250715,ULTRA UST 10Y - CHICAGO BOARD OF TRADE,043607,26722,209732,2338,-183010,1408156,709575,407344,698581,178348,607350,25559,-429002,145647,167333,117,-21686,223664,288547,-64883
250708,ULTRA UST 10Y - CHICAGO BOARD OF TRADE,043607,31318,215117,11613,-183799,1409892,667948,413371,741944,168851,624788,24788,-455937,134036,174622,1123,-40586,220818,282440,-61622
250701,ULTRA UST 10Y - CHICAGO BOARD OF TRADE,043607,14625,234293,15914,-219668,1396656,649954,418597,746702,209308,654399,27670,-445091,139308,173985,116,-34677,221988,269254,-47266
250624,ULTRA UST 10Y - CHICAGO BOARD OF TRADE,043607,21069,244199,16199,-223130,1305016,621845,377908,683171,187655,625282,23953,-437627,202871,175378,26474,27493,216455,266362,-49907
250617,ULTRA UST 10Y - CHICAGO BOARD OF TRADE,043607,20698,206612,20481,-185914,1300002,667383,375473,632619,189321,593017,24517,-403696,211515,176095,25156,35420,214635,293064,-78429
250610,ULTRA UST 10Y - CHICAGO BOARD OF TRADE,043607,18242,193449,15418,-175207,1277753,679671,372078,598082,167393,580733,30273,-413340,199427,162025,24502,37402,223564,270501,-46937
250603,ULTRA UST 10Y - CHICAGO BOARD OF TRADE,043607,33119,195301,10210,-162182,1250520,653749,366912,596771,177265,571532,32098,-394267,196323,164033,26974,32290,207577,280189,-72612
250527,ULTRA UST 10Y - CHICAGO BOARD OF TRADE,043607,32618,190399,25823,-157781,1190421,689799,392622,500622,244099,568493,77876,-324394,191731,147004,35176,44727,250361,313535,-63174
250520,ULTRA UST 10Y - CHICAGO BOARD OF TRADE,043607,34013,196242,12341,-162229,1221813,679598,387422,542215,193314,586970,84922,-393656,188517,135132,32488,53385,218835,258550,-39715
250513,ULTRA UST 10Y - CHICAGO BOARD OF TRADE,043607,39603,268122,5110,-228519,1222345,636943,376158,585402,196172,601306,36656,-405134,188837,122679,28673,66158,232514,250421,-17907
250506,ULTRA UST 10Y - CHICAGO BOARD OF TRADE,043607,42186,279795,2867,-237609,1218464,638614,367066,579850,204991,570039,21432,-365048,189234,126735,29597,62499,216393,256085,-39692
250429,ULTRA UST 10Y - CHICAGO BOARD OF TRADE,043607,40679,317770,3639,-277091,1210187,657038,374628,553149,182040,505735,24008,-323695,190102,126339,30503,63763,229056,245182,-16126
250422,ULTRA UST 10Y - CHICAGO BOARD OF TRADE,043607,37097,312392,3740,-275295,1202241,687700,385641,514541,148883,437479,21879,-288596,193262,119353,28571,73909,224733,249292,-24559
250415,ULTRA UST 10Y - CHICAGO BOARD OF TRADE,043607,34508,287592,4097,-253084,1209519,752994,368699,456525,133864,408969,24359,-275105,196260,110282,28125,85978,220455,234769,-14314
250408,ULTRA UST 10Y - CHICAGO BOARD OF TRADE,043607,34204,253012,4566,-218808,1247577,732444,384726,515133,199550,572171,12412,-372621,196526,111314,31210,85212,244020,252936,-8916
250401,ULTRA UST 10Y - CHICAGO BOARD OF TRADE,043607,33342,222707,4242,-189365,1232584,790571,366624,442013,227014,527977,10429,-300963,190989,116725,31362,74264,226120,252069,-25949
250325,ULTRA UST 10Y - CHICAGO BOARD OF TRADE,043607,15607,216713,7067,-201106,1200833,813910,365614,386923,241912,468226,17022,-226314,184537,106308,33570,78229,219960,257692,-37732
250318,ULTRA UST 10Y - CHICAGO BOARD OF TRADE,043607,15396,215704,5261,-200308,1207823,830338,349407,377485,223441,425628,24955,-202187,184596,129586,33564,55010,230341,260341,-30000
250311,ULTRA UST 10Y - CHICAGO BOARD OF TRADE,043607,16195,174250,2894,-158055,1182883,840382,343844,342501,225659,391375,29508,-165716,171540,124661,34228,46879,211048,276657,-65609
250304,ULTRA UST 10Y - CHICAGO BOARD OF TRADE,043607,21281,206382,7498,-185101,1200235,786015,338569,414220,203345,445908,22957,-242563,176416,118274,31335,58142,228663,273361,-44698
250225,ULTRA UST 10Y - CHICAGO BOARD OF TRADE,043607,23261,210451,24717,-187190,1194128,786550,388190,407578,205305,456905,139780,-251600,191753,117380,39169,74373,248084,291245,-43161
250218,ULTRA UST 10Y - CHICAGO BOARD OF TRADE,043607,26544,198842,2590,-172298,1207985,768072,378276,439913,226000,480894,80151,-254894,180308,133982,34983,46326,222552,281599,-59047
250211,ULTRA UST 10Y - CHICAGO BOARD OF TRADE,043607,26170,209166,6455,-182996,1208102,758702,355762,449400,199485,464696,21335,-265211,185993,139245,34123,46748,223392,271333,-47941
250204,ULTRA UST 10Y - CHICAGO BOARD OF TRADE,043607,29767,234756,5879,-204989,1259923,710411,356538,549512,200605,525488,16537,-324883,181563,150276,33759,31287,226814,277741,-50927
250128,ULTRA UST 10Y - CHICAGO BOARD OF TRADE,043607,27413,249583,3072,-222170,1207316,703207,370342,504109,202847,483242,21303,-280395,179710,141674,37006,38036,226084,265664,-39580
250121,ULTRA UST 10Y - CHICAGO BOARD OF TRADE,043607,24029,239095,4616,-215066,1238392,678717,373226,559675,180303,505625,22552,-325322,167503,137811,36772,29692,223196,272175,-48979
250114,ULTRA UST 10Y - CHICAGO BOARD OF TRADE,043607,27595,223327,2970,-195732,1164934,668691,370843,496243,197452,492399,20508,-294947,169639,137668,33669,31971,231947,269482,-37535
250107,ULTRA UST 10Y - CHICAGO BOARD OF TRADE,043607,23121,233437,5166,-210316,1155704,633478,357756,522226,215888,521477,23488,-305589,162387,137910,32481,24477,227509,258307,-30798
250729,MICRO 10 YEAR YIELD - CHICAGO BOARD OF TRADE,04360Y,0,0,0,0,0,0,0,0,3254,1413,126,1841,80,895,0,-815,378,1404,-1026
250722,MICRO 10 YEAR YIELD - CHICAGO BOARD OF TRADE,04360Y,0,0,0,0,0,0,0,0,3623,1364,49,2259,130,1128,0,-998,521,1782,-1261
250715,MICRO 10 YEAR YIELD - CHICAGO BOARD OF TRADE,04360Y,0,0,0,0,0,0,0,0,3621,701,57,2920,80,1175,0,-1095,449,2274,-1825
250708,MICRO 10 YEAR YIELD - CHICAGO BOARD OF TRADE,04360Y,0,0,0,0,0,0,0,0,3254,857,12,2397,0,1130,0,-1130,487,1754,-1267
250701,MICRO 10 YEAR YIELD - CHICAGO BOARD OF TRADE,04360Y,0,0,0,0,0,0,0,0,1204,27,3,1177,0,806,0,-806,564,935,-371
250624,MICRO 10 YEAR YIELD - CHICAGO BOARD OF TRADE,04360Y,0,0,0,0,0,0,0,0,1980,651,99,1329,136,875,0,-739,528,1118,-590
250617,MICRO 10 YEAR YIELD - CHICAGO BOARD OF TRADE,04360Y,0,0,0,0,0,0,0,0,2626,973,39,1653,110,904,0,-794,541,1400,-859
250610,MICRO 10 YEAR YIELD - CHICAGO BOARD OF TRADE,04360Y,0,0,0,0,0,0,0,0,2499,520,77,1979,110,1033,0,-923,699,1755,-1056
250603,MICRO 10 YEAR YIELD - CHICAGO BOARD OF TRADE,04360Y,0,0,0,0,0,0,0,0,2208,475,2,1733,169,832,0,-663,557,1627,-1070
250527,MICRO 10 YEAR YIELD - CHICAGO BOARD OF TRADE,04360Y,0,0,0,0,0,0,0,0,2271,290,287,1981,170,865,0,-695,746,2032,-1286
250520,MICRO 10 YEAR YIELD - CHICAGO BOARD OF TRADE,04360Y,0,0,0,0,0,0,0,0,3299,270,0,3029,198,1187,0,-989,504,2544,-2040
250513,MICRO 10 YEAR YIELD - CHICAGO BOARD OF TRADE,04360Y,0,0,0,0,0,0,0,0,4039,1183,2,2856,140,1087,0,-947,383,2292,-1909
250506,MICRO 10 YEAR YIELD - CHICAGO BOARD OF TRADE,04360Y,0,0,0,0,0,0,0,0,2648,848,0,1800,140,803,0,-663,268,1405,-1137
250422,MICRO 10 YEAR YIELD - CHICAGO BOARD OF TRADE,04360Y,0,0,0,0,0,0,0,0,3003,1236,29,1767,137,887,0,-750,514,1531,-1017
250415,MICRO 10 YEAR YIELD - CHICAGO BOARD OF TRADE,04360Y,0,0,0,0,0,0,0,0,2619,343,28,2276,149,863,38,-714,455,2017,-1562
250325,MICRO 10 YEAR YIELD - CHICAGO BOARD OF TRADE,04360Y,0,0,0,0,275,0,0,275,4111,2696,0,1415,95,717,0,-622,359,1427,-1068
250218,MICRO 10 YEAR YIELD - CHICAGO BOARD OF TRADE,04360Y,0,0,0,0,273,0,0,273,2583,1037,25,1546,195,770,0,-575,462,1706,-1244
250211,MICRO 10 YEAR YIELD - CHICAGO BOARD OF TRADE,04360Y,0,0,0,0,273,25,0,248,2626,865,18,1761,157,1119,0,-962,577,1624,-1047
250204,MICRO 10 YEAR YIELD - CHICAGO BOARD OF TRADE,04360Y,0,0,0,0,0,25,0,-25,3529,1727,0,1802,91,999,0,-908,564,1433,-869
250128,MICRO 10 YEAR YIELD - CHICAGO BOARD OF TRADE,04360Y,0,0,0,0,0,25,0,-25,2702,345,374,2357,178,1226,0,-1048,597,1881,-1284
250121,MICRO 10 YEAR YIELD - CHICAGO BOARD OF TRADE,04360Y,0,0,0,0,0,0,0,0,3910,1529,108,2381,294,1169,0,-875,598,2104,-1506
250114,MICRO 10 YEAR YIELD - CHICAGO BOARD OF TRADE,04360Y,0,0,0,0,0,30,0,-30,4616,144,1471,4472,298,2140,0,-1842,547,3147,-2600
250107,MICRO 10 YEAR YIELD - CHICAGO BOARD OF TRADE,04360Y,0,0,0,0,0,30,0,-30,3757,135,610,3622,370,1684,0,-1314,492,2770,-2278
250729,UST 5Y NOTE - CHICAGO BOARD OF TRADE,044601,149384,850258,42689,-700874,4477556,801257,673659,3676299,479460,3856597,312238,-3377137,415316,176312,4150,239004,440174,277466,162708
250722,UST 5Y NOTE - CHICAGO BOARD OF TRADE,044601,141049,806017,40069,-664968,4469756,898070,692738,3571686,451194,3847034,254684,-3395840,477282,168051,7899,309231,447110,267219,179891
250715,UST 5Y NOTE - CHICAGO BOARD OF TRADE,044601,117837,854708,31991,-736871,4578018,862406,683655,3715612,432728,3911482,253885,-3478754,491192,152016,9181,339176,430351,269514,160837
250708,UST 5Y NOTE - CHICAGO BOARD OF TRADE,044601,124147,846036,54815,-721889,4590227,861485,627980,3728742,425459,3925367,253702,-3499908,485963,170616,8643,315347,437809,260101,177708
250701,UST 5Y NOTE - CHICAGO BOARD OF TRADE,044601,141169,865701,49771,-724532,4605232,841863,652160,3763369,472959,4030243,261169,-3557284,484083,172955,7189,311128,446943,239624,207319
250624,UST 5Y NOTE - CHICAGO BOARD OF TRADE,044601,149468,899510,45579,-750042,4098396,797745,649195,3300651,460583,4008575,264868,-3547992,928542,162313,5723,766229,472709,241555,231154
250617,UST 5Y NOTE - CHICAGO BOARD OF TRADE,044601,140317,854690,34740,-714373,4109678,825543,648784,3284135,424105,3914071,237968,-3489966,925257,168182,4489,757075,423855,260726,163129
250610,UST 5Y NOTE - CHICAGO BOARD OF TRADE,044601,134662,835445,32465,-700783,4077183,792406,641324,3284777,347220,3825676,240656,-3478456,894335,167427,6329,726908,414640,247086,167554
250603,UST 5Y NOTE - CHICAGO BOARD OF TRADE,044601,115919,855917,35605,-739998,4089691,762741,633148,3326950,371597,3834359,251272,-3462762,892443,189149,7985,703294,412729,240213,172516
250527,UST 5Y NOTE - CHICAGO BOARD OF TRADE,044601,127845,856522,54035,-728677,4005028,780545,702507,3224483,327112,3783154,317924,-3456042,902787,182021,14126,720766,586542,347072,239470
250520,UST 5Y NOTE - CHICAGO BOARD OF TRADE,044601,116714,859746,47320,-743032,4098745,767341,639615,3331404,394327,3866964,578599,-3472637,895047,188784,15250,706263,439625,261623,178002
250513,UST 5Y NOTE - CHICAGO BOARD OF TRADE,044601,135915,873572,56742,-737657,4169407,774923,629389,3394484,387479,3876357,466603,-3488878,835811,142226,10611,693585,460064,321598,138466
250506,UST 5Y NOTE - CHICAGO BOARD OF TRADE,044601,129138,879552,48950,-750414,4263174,652930,650818,3610244,447593,4117355,370307,-3669762,723384,143198,7828,580186,461099,231353,229746
250429,UST 5Y NOTE - CHICAGO BOARD OF TRADE,044601,129254,899623,36135,-770369,4172671,563434,659654,3609237,476651,4101770,221642,-3625119,697163,123709,5728,573454,460646,247849,212797
250422,UST 5Y NOTE - CHICAGO BOARD OF TRADE,044601,136379,911224,32351,-774845,4058378,622104,630801,3436274,448393,3893468,202656,-3445075,716740,126665,5930,590075,429630,236059,193571
250415,UST 5Y NOTE - CHICAGO BOARD OF TRADE,044601,106704,885005,30498,-778301,3873555,598236,678108,3275319,355864,3642930,213438,-3287066,701865,124603,5637,577262,437496,224710,212786
250408,UST 5Y NOTE - CHICAGO BOARD OF TRADE,044601,120995,916147,39753,-795152,3898292,630321,622514,3267971,426517,3700019,245684,-3273502,706722,122059,6774,584663,422475,206455,216020
250401,UST 5Y NOTE - CHICAGO BOARD OF TRADE,044601,146635,805730,40736,-659095,3902037,653305,655064,3248732,440718,3780738,204495,-3340020,685455,130232,16663,555223,429442,234282,195160
250325,UST 5Y NOTE - CHICAGO BOARD OF TRADE,044601,127078,812801,33023,-685723,3749322,628005,677732,3121317,373972,3554533,246192,-3180561,676139,114165,16992,561974,432646,249653,182993
250318,UST 5Y NOTE - CHICAGO BOARD OF TRADE,044601,141126,827598,40669,-686472,3722649,647356,655339,3075293,395577,3568617,219802,-3173040,698974,103007,15294,595967,430470,242218,188252
250311,UST 5Y NOTE - CHICAGO BOARD OF TRADE,044601,140482,908377,49741,-767895,3723895,590111,627292,3133784,416172,3541563,197754,-3125391,692777,105525,15003,587252,416113,243863,172250
250304,UST 5Y NOTE - CHICAGO BOARD OF TRADE,044601,128026,840588,53077,-712562,3684943,576013,613069,3108930,349815,3493317,222297,-3143502,699927,118328,14046,581599,430704,265169,165535
250225,UST 5Y NOTE - CHICAGO BOARD OF TRADE,044601,111180,1011696,78507,-900516,3550298,576437,851151,2973861,345018,3200484,549593,-2855466,712881,104080,13564,608801,474030,300710,173320
250218,UST 5Y NOTE - CHICAGO BOARD OF TRADE,044601,110130,982143,136051,-872013,3698054,682354,735472,3015700,382074,3263234,731291,-2881160,740056,107100,20402,632956,433254,328737,104517
250211,UST 5Y NOTE - CHICAGO BOARD OF TRADE,044601,116623,954096,64702,-837473,3779824,641001,707256,3138823,389612,3445655,319343,-3056043,763557,108922,18538,654635,411431,311373,100058
250204,UST 5Y NOTE - CHICAGO BOARD OF TRADE,044601,130586,1024294,38364,-893708,3782243,587279,688068,3194964,382548,3422236,244139,-3039688,747790,123491,2761,624299,430333,316200,114133
250128,UST 5Y NOTE - CHICAGO BOARD OF TRADE,044601,137378,1115567,30260,-978189,3664541,566900,698304,3097641,413239,3142140,195716,-2728901,776216,286430,2361,489786,420005,300342,119663
250121,UST 5Y NOTE - CHICAGO BOARD OF TRADE,044601,140016,979452,25917,-839436,3559236,670504,679783,2888732,373191,3069688,179390,-2696497,783216,260896,4593,522320,424184,299303,124881
250114,UST 5Y NOTE - CHICAGO BOARD OF TRADE,044601,132635,939239,25750,-806604,3556938,631025,673322,2925913,389600,3117048,163998,-2727448,766245,266123,4720,500122,407806,299789,108017
250107,UST 5Y NOTE - CHICAGO BOARD OF TRADE,044601,140832,926523,24739,-785691,3589219,614997,646234,2974222,410305,3222943,166692,-2812638,786077,276718,6489,509359,407314,292566,114748
250729,FED FUNDS - CHICAGO BOARD OF TRADE,045601,536140,414785,525529,121355,88692,33373,32519,55319,370594,574650,628106,-204056,26950,23390,42312,3560,72169,48347,23822
250722,FED FUNDS - CHICAGO BOARD OF TRADE,045601,515005,434189,435159,80816,97202,25337,23395,71865,366710,555047,593157,-188337,36937,23785,24102,13152,62363,39859,22504
250715,FED FUNDS - CHICAGO BOARD OF TRADE,045601,481958,437050,442999,44908,111245,27285,15783,83960,419616,560993,561496,-141377,30450,23390,22749,7060,51540,46091,5449
250708,FED FUNDS - CHICAGO BOARD OF TRADE,045601,380447,371518,464708,8929,115864,27284,16124,88580,363018,469459,575393,-106441,23990,20196,35165,3794,49967,44829,5138
250701,FED FUNDS - CHICAGO BOARD OF TRADE,045601,351570,262627,473126,88943,115148,19470,11308,95678,341104,514906,522313,-173802,11351,33277,27493,-21926,43867,32760,11107
250624,FED FUNDS - CHICAGO BOARD OF TRADE,045601,522106,295240,484306,226866,58727,24069,30160,34658,367600,619690,600092,-252090,17436,43059,30535,-25623,47669,31480,16189
250617,FED FUNDS - CHICAGO BOARD OF TRADE,045601,513514,299868,411400,213646,60718,26859,18821,33859,345225,578067,501408,-232842,15515,42059,28599,-26544,43428,31547,11881
250610,FED FUNDS - CHICAGO BOARD OF TRADE,045601,494041,263957,380137,230084,72307,27459,7978,44848,228152,495089,419195,-266937,15257,36504,30997,-21247,49699,36447,13252
250603,FED FUNDS - CHICAGO BOARD OF TRADE,045601,455821,234163,367213,221658,67095,27596,5241,39499,207087,449306,409890,-242219,11151,41715,36693,-30564,40360,28734,11626
250527,FED FUNDS - CHICAGO BOARD OF TRADE,045601,739251,425170,540542,314081,31296,39280,37896,-7984,392821,656204,500511,-263383,16286,77060,24162,-60774,53484,35424,18060
250520,FED FUNDS - CHICAGO BOARD OF TRADE,045601,646228,409418,528536,236810,39287,41607,37263,-2320,398013,584936,398552,-186923,16007,86914,18715,-70907,53265,29925,23340
250513,FED FUNDS - CHICAGO BOARD OF TRADE,045601,590910,390859,502737,200051,35693,40520,38214,-4827,402015,552328,372533,-150313,15509,65022,8739,-49513,60600,55998,4602
250506,FED FUNDS - CHICAGO BOARD OF TRADE,045601,565459,332020,452648,233439,29752,35145,27885,-5393,354194,608332,371017,-254138,20680,7394,8959,13286,45399,32593,12806
250429,FED FUNDS - CHICAGO BOARD OF TRADE,045601,645294,290211,662838,355083,165037,32425,14761,132612,425962,940745,544068,-514783,21147,9205,11992,11942,54431,39285,15146
250422,FED FUNDS - CHICAGO BOARD OF TRADE,045601,627224,312964,647089,314260,154712,20758,15377,133954,400718,858612,493453,-457894,21659,20896,11930,763,46896,37979,8917
250415,FED FUNDS - CHICAGO BOARD OF TRADE,045601,578990,275092,653597,303898,150084,17258,15298,132826,371322,824755,492110,-453433,25457,23400,10260,2057,43525,28873,14652
250408,FED FUNDS - CHICAGO BOARD OF TRADE,045601,583593,271914,595911,311679,116751,11865,30360,104886,433811,860162,375208,-426351,18985,16472,8849,2513,43016,35743,7273
250401,FED FUNDS - CHICAGO BOARD OF TRADE,045601,417147,274804,510900,142343,115809,5866,32477,109943,497583,787950,363877,-290367,25046,4503,7725,20543,50922,33384,17538
250325,FED FUNDS - CHICAGO BOARD OF TRADE,045601,492208,363003,593491,129205,142571,3987,19175,138584,484753,792551,369476,-307798,21635,4136,9373,17499,57033,34523,22510
250318,FED FUNDS - CHICAGO BOARD OF TRADE,045601,455358,312389,565452,142969,158465,4247,9083,154218,398296,733168,296030,-334872,14168,4641,9484,9527,56485,28327,28158
250311,FED FUNDS - CHICAGO BOARD OF TRADE,045601,395510,269066,558129,126444,175143,5222,6281,169921,303456,629690,382845,-326234,18597,4081,7595,14516,42755,27402,15353
250304,FED FUNDS - CHICAGO BOARD OF TRADE,045601,363895,221874,563131,142021,137508,5222,6990,132286,259298,562670,373559,-303372,13361,3474,8440,9887,43847,24669,19178
250225,FED FUNDS - CHICAGO BOARD OF TRADE,045601,334851,444175,557109,-109324,149189,7501,14611,141688,528430,592273,429116,-63843,21262,4526,12785,16736,47031,32288,14743
250218,FED FUNDS - CHICAGO BOARD OF TRADE,045601,261487,364105,473542,-102618,76034,6783,18861,69251,483667,475858,399623,7809,16531,19601,3771,-3070,58796,30168,28628
250211,FED FUNDS - CHICAGO BOARD OF TRADE,045601,289073,305919,428575,-16846,71623,6596,16776,65027,473900,521525,300794,-47625,17203,22638,3920,-5435,36375,31496,4879
250204,FED FUNDS - CHICAGO BOARD OF TRADE,045601,299254,269605,398500,29649,63541,6557,14243,56984,406060,494547,328783,-88487,7733,9530,6184,-1797,36072,32421,3651
250128,FED FUNDS - CHICAGO BOARD OF TRADE,045601,376090,431236,550149,-55146,39240,14731,31598,24509,505673,475158,483465,30515,9822,10118,6308,-296,38321,37903,418
250121,FED FUNDS - CHICAGO BOARD OF TRADE,045601,350769,445068,464105,-94299,42077,12471,29988,29606,531756,462303,407264,69453,8275,9518,6624,-1243,33875,37392,-3517
250114,FED FUNDS - CHICAGO BOARD OF TRADE,045601,305898,412072,436026,-106174,36870,12471,29345,24399,546161,450937,389425,95224,7874,17251,2332,-9377,35226,39298,-4072
250107,FED FUNDS - CHICAGO BOARD OF TRADE,045601,289208,416052,337393,-126844,42767,17149,23044,25618,544792,444220,356763,100572,10316,13539,1808,-3223,35072,31195,3877
250729,EURO SHORT TERM RATE - CHICAGO MERCANTILE EXCHANGE,047745,10986,23768,1814,-12782,986,0,0,986,11818,85,5482,11733,25,0,0,25,71,33,38
250722,EURO SHORT TERM RATE - CHICAGO MERCANTILE EXCHANGE,047745,10806,21835,1805,-11029,986,0,0,986,10406,414,5779,9992,25,30,0,-5,90,34,56
250715,EURO SHORT TERM RATE - CHICAGO MERCANTILE EXCHANGE,047745,10729,20470,1551,-9741,986,0,0,986,9025,398,7030,8627,63,0,50,63,91,26,65
250708,EURO SHORT TERM RATE - CHICAGO MERCANTILE EXCHANGE,047745,10920,20523,1509,-9603,986,0,0,986,8590,165,8327,8425,133,0,0,133,86,27,59
250701,EURO SHORT TERM RATE - CHICAGO MERCANTILE EXCHANGE,047745,12502,19877,1599,-7375,986,0,0,986,6516,431,10865,6085,261,0,0,261,70,27,43
250624,EURO SHORT TERM RATE - CHICAGO MERCANTILE EXCHANGE,047745,11671,19350,1599,-7679,986,0,0,986,6705,90,10853,6615,25,0,0,25,75,22,53
250617,EURO SHORT TERM RATE - CHICAGO MERCANTILE EXCHANGE,047745,16975,31240,3141,-14265,2039,0,0,2039,12643,0,12338,12643,0,247,25,-247,33,203,-170
250610,EURO SHORT TERM RATE - CHICAGO MERCANTILE EXCHANGE,047745,15152,25587,2803,-10435,1212,0,0,1212,9610,192,16275,9418,50,247,25,-197,8,6,2
250603,EURO SHORT TERM RATE - CHICAGO MERCANTILE EXCHANGE,047745,14430,25040,2119,-10610,1112,0,0,1112,9759,0,14075,9759,0,247,25,-247,1,15,-14
250527,EURO SHORT TERM RATE - CHICAGO MERCANTILE EXCHANGE,047745,14322,24810,1872,-10488,1112,0,0,1112,9574,0,14638,9574,0,247,25,-247,89,40,49
250520,EURO SHORT TERM RATE - CHICAGO MERCANTILE EXCHANGE,047745,12236,24602,1871,-12366,1052,0,4,1052,11669,92,14381,11577,0,247,25,-247,1,17,-16
250513,EURO SHORT TERM RATE - CHICAGO MERCANTILE EXCHANGE,047745,11928,20541,2900,-8613,1052,0,4,1052,8081,283,17178,7798,0,147,25,-147,25,115,-90
250506,EURO SHORT TERM RATE - CHICAGO MERCANTILE EXCHANGE,047745,11561,19019,2983,-7458,1052,0,4,1052,7530,952,16368,6578,0,147,25,-147,1,26,-25
250429,EURO SHORT TERM RATE - CHICAGO MERCANTILE EXCHANGE,047745,12825,20262,2937,-7437,940,0,4,940,7120,430,16817,6690,0,147,25,-147,1,47,-46
250422,EURO SHORT TERM RATE - CHICAGO MERCANTILE EXCHANGE,047745,11134,19597,3120,-8463,940,0,4,940,8261,547,15712,7714,0,177,25,-177,0,14,-14
250415,EURO SHORT TERM RATE - CHICAGO MERCANTILE EXCHANGE,047745,12591,20446,2619,-7855,592,0,4,592,8878,1417,16287,7461,0,177,25,-177,0,21,-21
250408,EURO SHORT TERM RATE - CHICAGO MERCANTILE EXCHANGE,047745,11884,20322,2498,-8438,473,1102,3,-629,10008,778,15854,9230,0,177,25,-177,38,24,14
250401,EURO SHORT TERM RATE - CHICAGO MERCANTILE EXCHANGE,047745,12703,21032,2765,-8329,488,44,0,444,8480,474,17760,8006,71,177,25,-106,9,24,-15
250325,EURO SHORT TERM RATE - CHICAGO MERCANTILE EXCHANGE,047745,8863,17737,2305,-8874,488,44,0,444,8987,453,16416,8534,0,87,25,-87,8,25,-17
250318,EURO SHORT TERM RATE - CHICAGO MERCANTILE EXCHANGE,047745,19463,29503,6436,-10040,704,63,0,641,12378,2108,17752,10270,0,909,83,-909,91,53,38
250311,EURO SHORT TERM RATE - CHICAGO MERCANTILE EXCHANGE,047745,15647,20848,6462,-5201,408,63,0,345,8078,2356,18260,5722,38,880,45,-842,29,53,-24
250304,EURO SHORT TERM RATE - CHICAGO MERCANTILE EXCHANGE,047745,17584,18927,6008,-1343,472,63,0,409,4016,2244,19053,1772,76,880,45,-804,35,69,-34
250225,EURO SHORT TERM RATE - CHICAGO MERCANTILE EXCHANGE,047745,17434,19383,5923,-1949,472,63,0,409,4603,2184,19896,2419,38,880,45,-842,26,63,-37
250218,EURO SHORT TERM RATE - CHICAGO MERCANTILE EXCHANGE,047745,15570,19043,5575,-3473,472,63,0,409,5619,1697,19440,3922,38,880,45,-842,38,54,-16
250211,EURO SHORT TERM RATE - CHICAGO MERCANTILE EXCHANGE,047745,15586,19688,5621,-4102,280,63,0,217,6078,1572,17619,4506,278,880,45,-602,33,52,-19
250204,EURO SHORT TERM RATE - CHICAGO MERCANTILE EXCHANGE,047745,16312,19709,5560,-3397,280,78,0,202,5613,1512,17875,4101,113,905,0,-792,32,146,-114
250128,EURO SHORT TERM RATE - CHICAGO MERCANTILE EXCHANGE,047745,16016,18795,5317,-2779,132,0,80,132,5042,1549,17789,3493,113,880,0,-767,38,117,-79
250121,EURO SHORT TERM RATE - CHICAGO MERCANTILE EXCHANGE,047745,15263,21225,5123,-5962,49,0,80,49,8367,1631,16270,6736,113,880,0,-767,74,130,-56
250114,EURO SHORT TERM RATE - CHICAGO MERCANTILE EXCHANGE,047745,15265,19193,6224,-3928,0,68,45,-68,6615,1820,16866,4795,113,880,0,-767,46,78,-32
250107,EURO SHORT TERM RATE - CHICAGO MERCANTILE EXCHANGE,047745,14852,17720,5745,-2868,0,97,16,-97,5751,1956,17299,3795,113,880,0,-767,58,121,-63
250729,SOFR-3M - CHICAGO MERCANTILE EXCHANGE,134741,2506916,1832271,1872522,674645,1050314,477706,1144591,572608,1391974,2341309,3362847,-949335,129843,414056,147143,-284213,41033,54738,-13705
250722,SOFR-3M - CHICAGO MERCANTILE EXCHANGE,134741,2625041,1971154,1828349,653887,1077959,450972,1084848,626987,1275277,2234939,3447697,-959662,87859,392879,133029,-305020,57425,73617,-16192
250715,SOFR-3M - CHICAGO MERCANTILE EXCHANGE,134741,2573179,2048618,1773743,524561,1031057,487499,1077707,543558,1257171,2125555,3376999,-868384,83756,327997,133081,-244241,90452,45946,44506
250708,SOFR-3M - CHICAGO MERCANTILE EXCHANGE,134741,2480073,1977561,1783116,502512,1031914,472126,1089086,559788,1258839,2148473,3251715,-889634,90553,302658,141078,-212105,67990,28551,39439
250701,SOFR-3M - CHICAGO MERCANTILE EXCHANGE,134741,2448123,1821143,1815682,626980,1032094,480823,1078194,551271,1191605,2181841,3269333,-990236,80777,303166,137599,-222389,78144,43770,34374
250624,SOFR-3M - CHICAGO MERCANTILE EXCHANGE,134741,2400831,1751461,1788820,649370,1096309,491228,968088,605081,1099095,2079959,3354601,-980864,99312,357864,144515,-258552,55134,70169,-15035
250617,SOFR-3M - CHICAGO MERCANTILE EXCHANGE,134741,2858462,2020747,2012330,837715,1112824,566941,1072393,545883,1139588,2241134,3384134,-1101546,107399,387656,158714,-280257,54704,56499,-1795
250610,SOFR-3M - CHICAGO MERCANTILE EXCHANGE,134741,2944287,1835976,1921534,1108311,1256593,519070,928465,737523,1085692,2546823,3340375,-1461131,88038,486524,162160,-398486,51781,37998,13783
250603,SOFR-3M - CHICAGO MERCANTILE EXCHANGE,134741,2697223,1839155,1974106,858068,1217527,421579,871696,795948,1135400,2404631,3157076,-1269231,83548,488071,154343,-404523,55811,36073,19738
250527,SOFR-3M - CHICAGO MERCANTILE EXCHANGE,134741,2684386,1716099,1961237,968287,1309313,389105,838137,920208,962644,2389326,3194290,-1426682,83167,549915,147079,-466748,50625,45690,4935
250520,SOFR-3M - CHICAGO MERCANTILE EXCHANGE,134741,2790229,1723793,1869446,1066436,1029865,378674,943879,651191,969053,2237304,3109247,-1268251,85321,545007,148455,-459686,50941,40631,10310
250513,SOFR-3M - CHICAGO MERCANTILE EXCHANGE,134741,2575790,1814740,2029619,761050,1151957,341170,873208,810787,995442,2136606,3004282,-1141164,88295,514666,87022,-426371,95390,99692,-4302
250506,SOFR-3M - CHICAGO MERCANTILE EXCHANGE,134741,2423385,1967351,1958062,456034,1169581,293474,932820,876107,1030308,2078922,2997840,-1048614,95638,381998,89630,-286360,35761,32928,2833
250429,SOFR-3M - CHICAGO MERCANTILE EXCHANGE,134741,2349904,2110733,1918721,239171,1238228,297058,884451,941170,1020092,1953213,2988829,-933121,90824,337662,94670,-246838,34681,35063,-382
250422,SOFR-3M - CHICAGO MERCANTILE EXCHANGE,134741,2235314,2218201,1922923,17113,1267468,269043,866916,998425,1117947,1910908,2738800,-792961,95609,321423,100433,-225814,28957,25720,3237
250415,SOFR-3M - CHICAGO MERCANTILE EXCHANGE,134741,2222997,2294651,1889163,-71654,1401771,261316,875423,1140455,1014234,1840660,2748549,-826426,93657,312115,120797,-218458,29106,53023,-23917
250408,SOFR-3M - CHICAGO MERCANTILE EXCHANGE,134741,2349007,2295588,1783502,53419,1405820,286046,833859,1119774,1113519,2069374,2909991,-955855,105398,327915,144114,-222517,32612,27433,5179
250401,SOFR-3M - CHICAGO MERCANTILE EXCHANGE,134741,2481726,2085116,1650654,396610,1191590,309378,826797,882212,1069543,2078252,2679550,-1008709,84538,357718,127578,-273180,21116,18049,3067
250325,SOFR-3M - CHICAGO MERCANTILE EXCHANGE,134741,2511361,2226693,1544070,284668,1220343,257835,824334,962508,1140130,2080948,2591447,-940818,78229,384724,118288,-306495,27119,26982,137
250318,SOFR-3M - CHICAGO MERCANTILE EXCHANGE,134741,2875699,2588151,1849474,287548,1195563,335861,884088,859702,1245506,2090541,2671935,-845035,105411,413028,119766,-307617,33140,27738,5402
250311,SOFR-3M - CHICAGO MERCANTILE EXCHANGE,134741,2970687,2425603,1718102,545084,958186,373409,859625,584777,1172141,2125739,2732382,-953598,136355,343680,131810,-207325,59736,28674,31062
250304,SOFR-3M - CHICAGO MERCANTILE EXCHANGE,134741,2889915,2154066,1789340,735849,888125,416593,797349,471532,1165777,2191536,2681712,-1025759,132520,338721,154493,-206201,66088,41509,24579
250225,SOFR-3M - CHICAGO MERCANTILE EXCHANGE,134741,2860178,2187605,1749216,672573,817403,543207,757761,274196,1288249,2023614,2701839,-735365,127792,362407,155291,-234615,29317,6106,23211
250218,SOFR-3M - CHICAGO MERCANTILE EXCHANGE,134741,2790154,2145764,1837411,644390,867823,611654,676144,256169,1258386,1843193,2716704,-584807,136642,462438,100538,-325796,38925,28881,10044
250211,SOFR-3M - CHICAGO MERCANTILE EXCHANGE,134741,2741133,2209575,1774624,531558,917441,605708,749804,311733,1196063,1676565,2630947,-480502,103911,476932,97298,-373021,48858,38626,10232
250204,SOFR-3M - CHICAGO MERCANTILE EXCHANGE,134741,2844129,2185552,1785514,658577,848446,628982,756099,219464,1144002,1756224,2468362,-612222,97423,364892,97414,-267469,23679,22029,1650
250128,SOFR-3M - CHICAGO MERCANTILE EXCHANGE,134741,2702592,2189841,1753387,512751,849497,647384,763411,202113,1143074,1702017,2543980,-558943,174251,335247,112431,-160996,31310,26235,5075
250121,SOFR-3M - CHICAGO MERCANTILE EXCHANGE,134741,2587417,2237183,1689607,350234,829815,662288,734482,167527,1344093,1691076,2621797,-346983,132744,310913,98772,-178169,28896,21505,7391
250114,SOFR-3M - CHICAGO MERCANTILE EXCHANGE,134741,2490960,2298053,1645826,192907,857646,649785,746962,207861,1442570,1610111,2858653,-167541,129184,367152,92749,-237968,24000,19259,4741
250107,SOFR-3M - CHICAGO MERCANTILE EXCHANGE,134741,2358286,2324883,1636460,33403,712279,619489,687566,92790,1530798,1451913,2875366,78885,110487,328604,84630,-218117,32889,19850,13039
250729,SOFR-1M - CHICAGO MERCANTILE EXCHANGE,134742,500166,396727,280625,103439,5395,39612,10002,-34217,299198,362931,406081,-63733,4050,12953,15883,-8903,6408,2994,3414
250722,SOFR-1M - CHICAGO MERCANTILE EXCHANGE,134742,483069,363292,260410,119777,1274,47729,7481,-46455,299823,367063,406677,-67240,2465,12929,8363,-10464,6250,1868,4382
250715,SOFR-1M - CHICAGO MERCANTILE EXCHANGE,134742,491280,324123,246594,167157,1254,43980,7946,-42726,250068,370659,407045,-120591,5581,12928,7451,-7347,5958,2451,3507
250708,SOFR-1M - CHICAGO MERCANTILE EXCHANGE,134742,492523,270238,211834,222285,1255,53203,11331,-51948,202871,369326,453292,-166455,4700,12359,4906,-7659,6220,2443,3777
250701,SOFR-1M - CHICAGO MERCANTILE EXCHANGE,134742,389121,228929,194544,160192,1334,62959,12651,-61625,259817,354671,384771,-94854,3596,12389,5034,-8793,7168,2088,5080
250624,SOFR-1M - CHICAGO MERCANTILE EXCHANGE,134742,329338,224417,307218,104921,6581,39770,16563,-33189,326638,404698,403831,-78060,13134,11318,6943,1816,5408,896,4512
250617,SOFR-1M - CHICAGO MERCANTILE EXCHANGE,134742,300472,218137,280721,82335,6119,43906,13881,-37787,293510,344654,367024,-51144,16191,11188,5865,5003,4142,2549,1593
250610,SOFR-1M - CHICAGO MERCANTILE EXCHANGE,134742,279753,193890,270973,85863,6357,37076,14614,-30719,235498,293353,351805,-57855,14622,7997,5296,6625,1456,5370,-3914
250603,SOFR-1M - CHICAGO MERCANTILE EXCHANGE,134742,259152,202573,242720,56579,5858,34552,12178,-28694,214387,254583,359407,-40196,20582,4333,7084,16249,1242,5180,-3938
250527,SOFR-1M - CHICAGO MERCANTILE EXCHANGE,134742,419316,393471,307704,25845,15499,19455,20266,-3956,268772,297219,477049,-28447,17178,6205,9408,10973,671,5086,-4415
250520,SOFR-1M - CHICAGO MERCANTILE EXCHANGE,134742,363056,390067,301188,-27011,17999,27487,16002,-9488,253401,211680,322281,41721,16835,17478,7230,-643,566,5145,-4579
250513,SOFR-1M - CHICAGO MERCANTILE EXCHANGE,134742,317428,370764,264657,-53336,17999,23454,15596,-5455,265546,212278,305539,53268,245,10723,4556,-10478,23195,7194,16001
250506,SOFR-1M - CHICAGO MERCANTILE EXCHANGE,134742,287626,374076,198990,-86450,17817,27224,13269,-9407,311638,210631,303341,101007,2077,4815,4340,-2738,283,2695,-2412
250429,SOFR-1M - CHICAGO MERCANTILE EXCHANGE,134742,266299,518822,308873,-252523,16177,48898,15751,-32721,566123,282213,413829,283910,7466,4056,3321,3410,846,2922,-2076
250422,SOFR-1M - CHICAGO MERCANTILE EXCHANGE,134742,238982,450056,311915,-211074,6143,43791,18098,-37648,588826,343223,342736,245603,7089,4029,2646,3060,621,562,59
250415,SOFR-1M - CHICAGO MERCANTILE EXCHANGE,134742,226574,401390,322073,-174816,4021,43162,17855,-39141,578088,369038,316494,209050,8884,4062,1322,4822,320,235,85
250408,SOFR-1M - CHICAGO MERCANTILE EXCHANGE,134742,213205,364251,272361,-151046,11385,22213,19366,-10828,563208,407463,263491,155745,10019,2011,1149,8008,1010,2889,-1879
250401,SOFR-1M - CHICAGO MERCANTILE EXCHANGE,134742,204831,236327,285188,-31496,225,42174,10800,-41949,522217,444594,194556,77623,5422,801,1797,4621,500,9299,-8799
250325,SOFR-1M - CHICAGO MERCANTILE EXCHANGE,134742,278488,283791,338534,-5303,227,55056,13012,-54829,558182,488620,214703,69562,7408,1074,1687,6334,1048,16812,-15764
250318,SOFR-1M - CHICAGO MERCANTILE EXCHANGE,134742,297614,285754,314484,11860,241,46815,10727,-46574,509039,465272,211736,43767,9549,1009,1131,8540,4784,22377,-17593
250311,SOFR-1M - CHICAGO MERCANTILE EXCHANGE,134742,306498,288266,286319,18232,187,45865,10905,-45678,417519,381011,294272,36508,11469,1015,897,10454,2186,21702,-19516
250304,SOFR-1M - CHICAGO MERCANTILE EXCHANGE,134742,286329,249783,274423,36546,108,34074,13997,-33966,385280,376553,304496,8727,10739,945,1057,9794,4676,25777,-21101
250225,SOFR-1M - CHICAGO MERCANTILE EXCHANGE,134742,452634,200369,307255,252265,100,101484,15111,-101384,501805,643819,322529,-142014,12116,11689,1090,427,3211,12505,-9294
250218,SOFR-1M - CHICAGO MERCANTILE EXCHANGE,134742,411942,184482,332069,227460,100,36960,15971,-36860,425323,576511,263065,-151188,801,7942,7237,-7141,3103,35374,-32271
250211,SOFR-1M - CHICAGO MERCANTILE EXCHANGE,134742,361058,168564,343754,192494,100,40283,14332,-40183,361362,499987,249017,-138625,403,11241,7819,-10838,2193,5041,-2848
250204,SOFR-1M - CHICAGO MERCANTILE EXCHANGE,134742,274842,158116,314222,116726,100,41213,10230,-41113,401930,480967,289590,-79037,5732,4123,2365,1609,2155,340,1815
250128,SOFR-1M - CHICAGO MERCANTILE EXCHANGE,134742,410974,245181,372725,165793,100,45747,18250,-45647,412821,548500,320945,-135679,34208,18170,5289,16038,131,636,-505
250121,SOFR-1M - CHICAGO MERCANTILE EXCHANGE,134742,415290,189611,338061,225679,100,45046,23825,-44946,358866,548921,279936,-190055,34145,24580,1811,9565,165,408,-243
250114,SOFR-1M - CHICAGO MERCANTILE EXCHANGE,134742,463130,185117,275439,278013,100,44202,21167,-44102,340812,581198,252248,-240386,32432,25724,1288,6708,143,376,-233
250107,SOFR-1M - CHICAGO MERCANTILE EXCHANGE,134742,402955,128882,237278,274073,100,45874,17636,-45774,361726,597480,219340,-235754,33549,25800,969,7749,207,501,-294
250729,2 YEAR ERIS SOFR SWAP - CHICAGO BOARD OF TRADE,342603,800,1650,0,-850,65,2760,0,-2695,8060,12033,25549,-3973,21261,13738,30,7523,10,15,-5
250722,2 YEAR ERIS SOFR SWAP - CHICAGO BOARD OF TRADE,342603,800,1350,0,-550,65,2474,0,-2409,6118,15846,25187,-9728,22761,10069,30,12692,10,15,-5
250715,2 YEAR ERIS SOFR SWAP - CHICAGO BOARD OF TRADE,342603,800,1150,0,-350,65,1557,0,-1492,6683,15392,25766,-8709,21261,10705,30,10556,10,15,-5
250708,2 YEAR ERIS SOFR SWAP - CHICAGO BOARD OF TRADE,342603,800,1250,0,-450,65,1490,0,-1425,7985,16603,23226,-8618,21252,10700,30,10552,10,69,-59
250701,2 YEAR ERIS SOFR SWAP - CHICAGO BOARD OF TRADE,342603,800,1150,0,-350,65,590,0,-525,12006,19992,15118,-7986,19351,10435,30,8916,11,66,-55
250624,2 YEAR ERIS SOFR SWAP - CHICAGO BOARD OF TRADE,342603,800,950,0,-150,65,59,0,6,11317,17817,16699,-6500,17352,10643,30,6709,1,66,-65
250617,2 YEAR ERIS SOFR SWAP - CHICAGO BOARD OF TRADE,342603,4650,300,0,4350,65,59,0,6,11202,18914,14750,-7712,16893,13489,30,3404,18,66,-48
250610,2 YEAR ERIS SOFR SWAP - CHICAGO BOARD OF TRADE,342603,2300,300,0,2000,65,50,0,15,12255,19892,17313,-7637,16684,11003,2030,5681,1,60,-59
250603,2 YEAR ERIS SOFR SWAP - CHICAGO BOARD OF TRADE,342603,2350,180,0,2170,135,50,0,85,13205,18641,13421,-5436,16653,13393,30,3260,1,80,-79
250527,2 YEAR ERIS SOFR SWAP - CHICAGO BOARD OF TRADE,342603,850,780,0,70,157,60,0,97,11139,18703,13394,-7564,16952,9503,30,7449,1,53,-52
250520,2 YEAR ERIS SOFR SWAP - CHICAGO BOARD OF TRADE,342603,850,780,0,70,157,60,0,97,11006,18698,13392,-7692,16653,9076,30,7577,1,53,-52
250513,2 YEAR ERIS SOFR SWAP - CHICAGO BOARD OF TRADE,342603,850,780,0,70,157,60,0,97,11833,15176,12962,-3343,16653,13425,30,3228,1,53,-52
250506,2 YEAR ERIS SOFR SWAP - CHICAGO BOARD OF TRADE,342603,850,200,0,650,157,60,0,97,12459,15620,12562,-3161,16625,14177,30,2448,19,53,-34
250429,2 YEAR ERIS SOFR SWAP - CHICAGO BOARD OF TRADE,342603,850,200,0,650,157,60,0,97,12835,13693,12562,-858,16531,16382,30,149,15,53,-38
250422,2 YEAR ERIS SOFR SWAP - CHICAGO BOARD OF TRADE,342603,850,100,0,750,157,60,0,97,28143,14141,5180,14002,1551,16363,10,-14812,15,52,-37
250415,2 YEAR ERIS SOFR SWAP - CHICAGO BOARD OF TRADE,342603,850,100,0,750,157,60,0,97,19446,14040,5186,5406,1551,7766,10,-6215,15,53,-38
250408,2 YEAR ERIS SOFR SWAP - CHICAGO BOARD OF TRADE,342603,1750,100,0,1650,157,60,0,97,19630,15124,5183,4506,1561,7762,0,-6201,0,52,-52
250401,2 YEAR ERIS SOFR SWAP - CHICAGO BOARD OF TRADE,342603,1750,100,0,1650,157,60,0,97,19118,14877,5183,4241,1619,7555,0,-5936,0,52,-52
250325,2 YEAR ERIS SOFR SWAP - CHICAGO BOARD OF TRADE,342603,1750,100,0,1650,157,60,0,97,18816,14611,6180,4205,1654,7551,0,-5897,0,55,-55
250318,2 YEAR ERIS SOFR SWAP - CHICAGO BOARD OF TRADE,342603,1750,100,0,1650,157,60,0,97,18805,14198,6951,4607,1666,7965,0,-6299,0,55,-55
250311,2 YEAR ERIS SOFR SWAP - CHICAGO BOARD OF TRADE,342603,900,100,0,800,157,60,0,97,20719,14738,8865,5981,1694,8517,0,-6823,0,55,-55
250304,2 YEAR ERIS SOFR SWAP - CHICAGO BOARD OF TRADE,342603,900,100,0,800,157,50,0,107,23141,15850,7008,7291,2617,10748,0,-8131,0,67,-67
250225,2 YEAR ERIS SOFR SWAP - CHICAGO BOARD OF TRADE,342603,1100,100,0,1000,157,60,0,97,23320,16455,6180,6865,2449,10339,0,-7890,0,72,-72
250218,2 YEAR ERIS SOFR SWAP - CHICAGO BOARD OF TRADE,342603,1100,100,0,1000,157,60,0,97,25002,16051,6180,8951,1759,11735,0,-9976,0,72,-72
250211,2 YEAR ERIS SOFR SWAP - CHICAGO BOARD OF TRADE,342603,1100,100,0,1000,157,60,0,97,25022,17185,8081,7837,2878,11740,0,-8862,0,72,-72
250204,2 YEAR ERIS SOFR SWAP - CHICAGO BOARD OF TRADE,342603,1100,100,0,1000,157,60,0,97,24958,15833,8081,9125,1881,12034,0,-10153,0,69,-69
250128,2 YEAR ERIS SOFR SWAP - CHICAGO BOARD OF TRADE,342603,1100,100,0,1000,157,60,0,97,25262,14801,8081,10461,1285,12777,0,-11492,0,66,-66
250121,2 YEAR ERIS SOFR SWAP - CHICAGO BOARD OF TRADE,342603,1100,100,0,1000,157,60,0,97,33387,23690,8081,9697,2727,13474,0,-10747,0,47,-47
250114,2 YEAR ERIS SOFR SWAP - CHICAGO BOARD OF TRADE,342603,1100,100,0,1000,157,60,0,97,32755,22536,8081,10219,2195,13469,0,-11274,0,42,-42
250107,2 YEAR ERIS SOFR SWAP - CHICAGO BOARD OF TRADE,342603,0,100,0,-100,157,60,0,97,33719,21662,8581,12057,2056,14068,0,-12012,0,42,-42
250729,10 YEAR ERIS SOFR SWAP - CHICAGO BOARD OF TRADE,343603,32767,5536,29842,27231,408,0,0,408,6600,77679,17312,-71079,54663,2909,0,51754,10,8324,-8314
250722,10 YEAR ERIS SOFR SWAP - CHICAGO BOARD OF TRADE,343603,32767,5536,29842,27231,408,0,0,408,6600,77779,17060,-71179,54493,2649,0,51844,20,8324,-8304
250715,10 YEAR ERIS SOFR SWAP - CHICAGO BOARD OF TRADE,343603,32767,5566,29842,27201,408,0,0,408,5270,75467,16898,-70197,53543,10939,0,42604,8,24,-16
250708,10 YEAR ERIS SOFR SWAP - CHICAGO BOARD OF TRADE,343603,27967,4545,30499,23422,308,0,0,308,5270,75155,16898,-69885,52328,6129,0,46199,0,44,-44
250701,10 YEAR ERIS SOFR SWAP - CHICAGO BOARD OF TRADE,343603,28719,297,29747,28422,308,0,0,308,5270,80925,16678,-75655,52018,5049,0,46969,0,44,-44
250624,10 YEAR ERIS SOFR SWAP - CHICAGO BOARD OF TRADE,343603,5774,35404,36956,-29630,308,0,0,308,5200,91554,16678,-86354,120544,4823,0,115721,0,45,-45
250617,10 YEAR ERIS SOFR SWAP - CHICAGO BOARD OF TRADE,343603,5592,38422,37128,-32830,308,0,0,308,5200,89524,17974,-84324,121594,4723,0,116871,0,25,-25
250610,10 YEAR ERIS SOFR SWAP - CHICAGO BOARD OF TRADE,343603,17442,300,29631,17142,305,0,0,305,5200,74312,18189,-69112,56217,4518,500,51699,0,34,-34
250603,10 YEAR ERIS SOFR SWAP - CHICAGO BOARD OF TRADE,343603,19562,300,29641,19262,315,0,0,315,5901,76567,18057,-70666,55981,4868,0,51113,0,24,-24
250527,10 YEAR ERIS SOFR SWAP - CHICAGO BOARD OF TRADE,343603,5852,28410,28139,-22558,365,0,0,365,5901,96467,18055,-90566,117419,3638,0,113781,0,1022,-1022
250520,10 YEAR ERIS SOFR SWAP - CHICAGO BOARD OF TRADE,343603,5852,31660,28139,-25808,365,0,0,365,5951,93477,18063,-87526,115629,2638,0,112991,0,22,-22
250513,10 YEAR ERIS SOFR SWAP - CHICAGO BOARD OF TRADE,343603,13017,4632,24376,8385,365,0,0,365,5951,68200,18055,-62249,56159,2638,0,53521,0,22,-22
250506,10 YEAR ERIS SOFR SWAP - CHICAGO BOARD OF TRADE,343603,12467,4562,24376,7905,365,0,0,365,6251,69628,18055,-63377,58089,2960,0,55129,0,22,-22
250429,10 YEAR ERIS SOFR SWAP - CHICAGO BOARD OF TRADE,343603,12447,4562,24376,7885,365,0,0,365,6291,67119,18055,-60828,55490,2890,0,52600,0,22,-22
250422,10 YEAR ERIS SOFR SWAP - CHICAGO BOARD OF TRADE,343603,12447,4522,24376,7925,365,0,0,365,6241,68561,18055,-62320,56790,2738,0,54052,0,22,-22
250415,10 YEAR ERIS SOFR SWAP - CHICAGO BOARD OF TRADE,343603,12447,4522,24376,7925,365,0,0,365,6166,67731,18055,-61565,56063,2766,0,53297,0,22,-22
250408,10 YEAR ERIS SOFR SWAP - CHICAGO BOARD OF TRADE,343603,12627,4522,24376,8105,365,0,0,365,6566,68042,18055,-61476,55823,2776,0,53047,0,41,-41
250401,10 YEAR ERIS SOFR SWAP - CHICAGO BOARD OF TRADE,343603,12627,4572,24376,8055,365,0,0,365,6386,67463,18055,-61077,55275,2586,0,52689,0,32,-32
250325,10 YEAR ERIS SOFR SWAP - CHICAGO BOARD OF TRADE,343603,12627,4572,24376,8055,365,0,0,365,6403,68325,18055,-61922,56015,2481,0,53534,0,32,-32
250318,10 YEAR ERIS SOFR SWAP - CHICAGO BOARD OF TRADE,343603,9534,4572,25017,4962,365,0,0,365,6381,65185,18648,-58804,55465,1956,0,53509,0,32,-32
250311,10 YEAR ERIS SOFR SWAP - CHICAGO BOARD OF TRADE,343603,9864,4547,24969,5317,365,0,0,365,6691,63388,18686,-56697,52998,1946,0,51052,0,37,-37
250304,10 YEAR ERIS SOFR SWAP - CHICAGO BOARD OF TRADE,343603,9884,4547,24969,5337,355,0,0,355,6671,64396,18850,-57725,53971,1906,0,52065,11,43,-32
250225,10 YEAR ERIS SOFR SWAP - CHICAGO BOARD OF TRADE,343603,9319,4547,24969,4772,360,0,0,360,6406,56912,18640,-50506,46831,1436,0,45395,11,32,-21
250218,10 YEAR ERIS SOFR SWAP - CHICAGO BOARD OF TRADE,343603,9099,4417,24969,4682,360,0,0,360,6406,53103,18651,-46697,43113,1426,0,41687,0,32,-32
250211,10 YEAR ERIS SOFR SWAP - CHICAGO BOARD OF TRADE,343603,9099,4417,24969,4682,360,0,0,360,6506,52683,18640,-46177,43088,1921,0,41167,11,43,-32
250204,10 YEAR ERIS SOFR SWAP - CHICAGO BOARD OF TRADE,343603,9789,4417,24969,5372,360,0,0,360,6441,54297,18640,-47856,43985,1840,0,42145,11,32,-21
250128,10 YEAR ERIS SOFR SWAP - CHICAGO BOARD OF TRADE,343603,9789,4417,24969,5372,360,0,0,360,6416,51727,18640,-45311,41440,1840,0,39600,11,32,-21
250121,10 YEAR ERIS SOFR SWAP - CHICAGO BOARD OF TRADE,343603,9414,4417,24969,4997,360,0,0,360,6316,48239,18640,-41923,38580,1993,0,36587,11,32,-21
250114,10 YEAR ERIS SOFR SWAP - CHICAGO BOARD OF TRADE,343603,10054,4417,24969,5637,360,0,0,360,6426,46890,18590,-40464,36510,2023,0,34487,11,31,-20
250107,10 YEAR ERIS SOFR SWAP - CHICAGO BOARD OF TRADE,343603,11319,4417,24969,6902,360,0,0,360,6449,50823,18590,-44374,39056,1924,0,37132,11,31,-20
250729,5 YEAR ERIS SOFR SWAP - CHICAGO BOARD OF TRADE,344605,9920,16347,2929,-6427,40,11711,0,-11671,9416,33428,21700,-24012,54237,12097,0,42140,20,50,-30
250722,5 YEAR ERIS SOFR SWAP - CHICAGO BOARD OF TRADE,344605,9920,16347,2929,-6427,40,10937,0,-10897,6609,34314,21782,-27705,54504,9435,0,45069,10,50,-40
250715,5 YEAR ERIS SOFR SWAP - CHICAGO BOARD OF TRADE,344605,9920,16247,2929,-6327,40,9628,0,-9588,5541,33918,21782,-28377,54635,10303,0,44332,10,50,-40
250708,5 YEAR ERIS SOFR SWAP - CHICAGO BOARD OF TRADE,344605,9920,15497,2929,-5577,40,9628,0,-9588,5986,34390,21930,-28404,53225,9629,0,43596,23,50,-27
250701,5 YEAR ERIS SOFR SWAP - CHICAGO BOARD OF TRADE,344605,9920,15497,2929,-5577,40,9336,0,-9296,3596,33211,22191,-29615,53678,9150,0,44528,10,50,-40
250624,5 YEAR ERIS SOFR SWAP - CHICAGO BOARD OF TRADE,344605,9987,25904,2929,-15917,40,9170,0,-9130,2776,58773,19456,-55997,90403,9319,0,81084,10,50,-40
250617,5 YEAR ERIS SOFR SWAP - CHICAGO BOARD OF TRADE,344605,9967,25775,5568,-15808,40,9170,0,-9130,3571,59014,19419,-55443,89269,8848,0,80421,10,50,-40
250610,5 YEAR ERIS SOFR SWAP - CHICAGO BOARD OF TRADE,344605,24917,14475,1618,10442,40,60,0,-20,4407,32389,20268,-27982,35632,18031,0,17601,10,51,-41
250603,5 YEAR ERIS SOFR SWAP - CHICAGO BOARD OF TRADE,344605,27837,14333,1618,13504,62,54,0,8,4935,36588,20278,-31653,35705,17503,0,18202,10,71,-61
250527,5 YEAR ERIS SOFR SWAP - CHICAGO BOARD OF TRADE,344605,12887,12447,1618,440,65,50,0,15,1105,70772,20231,-69667,86420,17117,0,69303,10,101,-91
250520,5 YEAR ERIS SOFR SWAP - CHICAGO BOARD OF TRADE,344605,12887,12347,1618,540,65,50,0,15,705,71877,15936,-71172,85920,15205,0,70715,10,108,-98
250513,5 YEAR ERIS SOFR SWAP - CHICAGO BOARD OF TRADE,344605,12887,12473,1618,414,65,43,0,22,3462,24293,9122,-20831,35652,15176,0,20476,10,91,-81
250506,5 YEAR ERIS SOFR SWAP - CHICAGO BOARD OF TRADE,344605,12887,12550,1618,337,65,43,0,22,3495,25650,9372,-22155,36721,14844,0,21877,10,91,-81
250429,5 YEAR ERIS SOFR SWAP - CHICAGO BOARD OF TRADE,344605,12867,12370,1618,497,65,43,0,22,3830,25297,9371,-21467,36103,15074,0,21029,10,91,-81
250422,5 YEAR ERIS SOFR SWAP - CHICAGO BOARD OF TRADE,344605,12867,12147,1618,720,65,37,0,28,5019,30189,9335,-25170,33546,9048,0,24498,10,86,-76
250415,5 YEAR ERIS SOFR SWAP - CHICAGO BOARD OF TRADE,344605,12867,12147,1618,720,65,37,0,28,4721,30595,9372,-25874,35692,10490,0,25202,10,86,-76
250408,5 YEAR ERIS SOFR SWAP - CHICAGO BOARD OF TRADE,344605,12867,12147,1618,720,65,39,0,26,5160,37127,9322,-31967,36457,5180,0,31277,10,66,-56
250401,5 YEAR ERIS SOFR SWAP - CHICAGO BOARD OF TRADE,344605,12867,12147,1618,720,65,39,0,26,3808,33240,9627,-29432,34666,5929,0,28737,10,61,-51
250325,5 YEAR ERIS SOFR SWAP - CHICAGO BOARD OF TRADE,344605,12867,12147,1618,720,65,42,0,23,2979,32143,10031,-29164,34698,6226,0,28472,10,61,-51
250318,5 YEAR ERIS SOFR SWAP - CHICAGO BOARD OF TRADE,344605,12867,12147,1618,720,65,40,0,25,2385,31488,9986,-29103,34717,6308,0,28409,10,61,-51
250311,5 YEAR ERIS SOFR SWAP - CHICAGO BOARD OF TRADE,344605,12997,12147,1618,850,65,40,0,25,3507,22226,17609,-18719,23993,6098,0,17895,10,61,-51
250304,5 YEAR ERIS SOFR SWAP - CHICAGO BOARD OF TRADE,344605,12922,12147,1618,775,65,40,0,25,5612,23199,10701,-17587,22813,5979,0,16834,10,57,-47
250225,5 YEAR ERIS SOFR SWAP - CHICAGO BOARD OF TRADE,344605,13082,12147,1618,935,65,39,0,26,5087,22527,10058,-17440,22823,6297,0,16526,10,57,-47
250218,5 YEAR ERIS SOFR SWAP - CHICAGO BOARD OF TRADE,344605,12292,11457,1618,835,65,39,0,26,5753,20782,10058,-15029,20975,6760,0,14215,10,57,-47
250211,5 YEAR ERIS SOFR SWAP - CHICAGO BOARD OF TRADE,344605,12292,11457,1618,835,65,39,0,26,6584,21395,10058,-14811,20875,6878,0,13997,10,57,-47
250204,5 YEAR ERIS SOFR SWAP - CHICAGO BOARD OF TRADE,344605,12242,11457,1618,785,65,39,0,26,7596,21654,10058,-14058,20480,7186,0,13294,10,57,-47
250128,5 YEAR ERIS SOFR SWAP - CHICAGO BOARD OF TRADE,344605,12242,11457,1618,785,65,39,0,26,7420,21740,10058,-14320,20360,6804,0,13556,10,57,-47
250121,5 YEAR ERIS SOFR SWAP - CHICAGO BOARD OF TRADE,344605,12242,11457,1618,785,65,39,0,26,6727,20847,10058,-14120,20320,6964,0,13356,10,57,-47
250114,5 YEAR ERIS SOFR SWAP - CHICAGO BOARD OF TRADE,344605,12202,11103,1618,1099,65,40,0,25,6203,19754,10058,-13551,20166,7692,0,12474,10,57,-47
250107,5 YEAR ERIS SOFR SWAP - CHICAGO BOARD OF TRADE,344605,7342,11103,1618,-3761,65,40,0,25,4364,13557,10058,-9193,20316,7340,0,12976,10,57,-47
250729,BITCOIN - CHICAGO MERCANTILE EXCHANGE,133741,10763,2165,126,8598,9003,455,144,8548,3776,19584,712,-15808,1409,3225,668,-1816,1467,989,478
250722,BITCOIN - CHICAGO MERCANTILE EXCHANGE,133741,11105,2894,790,8211,9131,458,183,8673,4724,19707,1105,-14983,1101,3607,948,-2506,1710,1105,605
250715,BITCOIN - CHICAGO MERCANTILE EXCHANGE,133741,11046,3795,279,7251,9199,465,223,8734,5258,19605,944,-14347,1039,3236,1692,-2197,1629,1070,559
250708,BITCOIN - CHICAGO MERCANTILE EXCHANGE,133741,10805,4252,174,6553,8955,516,167,8439,3940,18764,1095,-14824,2520,3244,452,-724,1483,927,556
250701,BITCOIN - CHICAGO MERCANTILE EXCHANGE,133741,10627,4194,736,6433,8519,549,181,7970,3712,18353,929,-14641,3015,3231,331,-216,1338,884,454
250624,BITCOIN - CHICAGO MERCANTILE EXCHANGE,133741,11329,3988,652,7341,8747,516,182,8231,3429,19112,2080,-15683,2868,3226,568,-358,1497,1028,469
250617,BITCOIN - CHICAGO MERCANTILE EXCHANGE,133741,11360,4027,287,7333,8675,551,239,8124,3782,18800,1214,-15018,2439,3200,1364,-761,1500,1178,322
250610,BITCOIN - CHICAGO MERCANTILE EXCHANGE,133741,11925,4708,252,7217,8737,525,144,8212,3649,18785,633,-15136,2667,3228,725,-561,1529,1261,268
250603,BITCOIN - CHICAGO MERCANTILE EXCHANGE,133741,12040,4674,306,7366,8591,449,158,8142,4040,18484,610,-14444,1820,3247,852,-1427,1341,978,363
250527,BITCOIN - CHICAGO MERCANTILE EXCHANGE,133741,12439,4594,783,7845,9148,414,161,8734,3525,18786,2089,-15261,1650,3470,615,-1820,1554,1052,502
250520,BITCOIN - CHICAGO MERCANTILE EXCHANGE,133741,11892,4747,1158,7145,8943,439,152,8504,3128,17839,1403,-14711,2297,3495,1594,-1198,1466,1206,260
250513,BITCOIN - CHICAGO MERCANTILE EXCHANGE,133741,11319,4845,868,6474,8623,451,153,8172,3043,17182,841,-14139,2453,2239,494,214,1276,1997,-721
250506,BITCOIN - CHICAGO MERCANTILE EXCHANGE,133741,10710,4670,633,6040,7805,423,181,7382,3156,19432,714,-16276,3247,633,165,2614,1360,1120,240
250429,BITCOIN - CHICAGO MERCANTILE EXCHANGE,133741,11110,4826,497,6284,8128,509,183,7619,2162,18060,576,-15898,2315,636,688,1679,1307,991,316
250422,BITCOIN - CHICAGO MERCANTILE EXCHANGE,133741,10821,4540,719,6281,8105,904,271,7201,1983,18186,1781,-16203,3160,633,109,2527,1253,1059,194
250415,BITCOIN - CHICAGO MERCANTILE EXCHANGE,133741,9966,4414,1415,5552,7300,559,382,6741,888,15328,1775,-14440,2991,526,1392,2465,1017,1335,-318
250408,BITCOIN - CHICAGO MERCANTILE EXCHANGE,133741,9337,4464,1099,4873,7378,728,332,6650,2883,16828,1126,-13945,3333,476,436,2857,985,1420,-435
250401,BITCOIN - CHICAGO MERCANTILE EXCHANGE,133741,10410,3687,900,6723,7991,599,288,7392,1963,19104,628,-17141,3793,582,19,3211,1077,1262,-185
250325,BITCOIN - CHICAGO MERCANTILE EXCHANGE,133741,11044,3228,990,7816,8235,644,344,7591,1825,20637,1224,-18812,4060,626,107,3434,1207,1236,-29
250318,BITCOIN - CHICAGO MERCANTILE EXCHANGE,133741,10537,3058,678,7479,7653,693,494,6960,3381,21349,1802,-17968,4241,618,129,3623,1298,1392,-94
250311,BITCOIN - CHICAGO MERCANTILE EXCHANGE,133741,11145,2803,672,8342,7930,596,375,7334,2547,20818,1219,-18271,3433,610,110,2823,1114,1342,-228
250304,BITCOIN - CHICAGO MERCANTILE EXCHANGE,133741,11694,2780,352,8914,8324,433,240,7891,2809,21286,1140,-18477,2383,613,81,1770,1186,1284,-98
250225,BITCOIN - CHICAGO MERCANTILE EXCHANGE,133741,12226,2474,479,9752,8737,512,280,8225,3849,23048,3023,-19199,1907,742,79,1165,1480,1423,57
250218,BITCOIN - CHICAGO MERCANTILE EXCHANGE,133741,13667,3250,248,10417,9175,832,372,8343,4032,23814,2610,-19782,1657,861,553,796,1519,1293,226
250211,BITCOIN - CHICAGO MERCANTILE EXCHANGE,133741,13785,3316,488,10469,9494,686,224,8808,3361,23444,2657,-20083,1477,731,16,746,1447,1387,60
250204,BITCOIN - CHICAGO MERCANTILE EXCHANGE,133741,14123,3208,343,10915,9863,616,185,9247,3542,24540,1626,-20998,1501,797,380,704,1329,1197,132
250128,BITCOIN - CHICAGO MERCANTILE EXCHANGE,133741,14591,3167,746,11424,10212,675,204,9537,3497,25715,1498,-22218,1708,759,200,949,1661,1353,308
250121,BITCOIN - CHICAGO MERCANTILE EXCHANGE,133741,15435,3808,1176,11627,11151,512,239,10639,2596,25465,2855,-22869,1321,986,2297,335,1486,1218,268
250114,BITCOIN - CHICAGO MERCANTILE EXCHANGE,133741,14359,3600,1245,10759,10346,527,254,9819,3877,25213,2297,-21336,1567,994,222,573,1304,1119,185
250107,BITCOIN - CHICAGO MERCANTILE EXCHANGE,133741,14648,3469,1113,11179,10244,705,378,9539,4035,25239,1569,-21204,1336,1068,409,268,1347,1129,218
250729,MICRO BITCOIN - CHICAGO MERCANTILE EXCHANGE,133742,2800,853,178,1947,3192,269,3,2923,4429,19216,450,-14787,7775,2980,69,4795,6996,1874,5122
250722,MICRO BITCOIN - CHICAGO MERCANTILE EXCHANGE,133742,6420,8017,0,-1597,3373,482,12,2891,7318,19730,2711,-12412,7907,2562,92,5345,7989,2216,5773
250715,MICRO BITCOIN - CHICAGO MERCANTILE EXCHANGE,133742,752,5284,6,-4532,3559,523,12,3036,6862,16639,1658,-9777,8389,3052,58,5337,8128,2192,5936
250708,MICRO BITCOIN - CHICAGO MERCANTILE EXCHANGE,133742,772,4276,0,-3504,3594,776,0,2818,7056,14543,474,-7487,7089,3444,16,3645,6412,1884,4528
250701,MICRO BITCOIN - CHICAGO MERCANTILE EXCHANGE,133742,2142,2006,0,136,1790,778,0,1012,5448,14895,359,-9447,6827,2391,13,4436,5705,1842,3863
250624,MICRO BITCOIN - CHICAGO MERCANTILE EXCHANGE,133742,9196,10384,6,-1188,1808,472,0,1336,7188,15914,2582,-8726,7352,2898,146,4454,6524,2400,4124
250617,MICRO BITCOIN - CHICAGO MERCANTILE EXCHANGE,133742,7654,9938,81,-2284,2530,441,0,2089,9845,19889,3537,-10044,8357,2496,69,5861,6435,2057,4378
250610,MICRO BITCOIN - CHICAGO MERCANTILE EXCHANGE,133742,2831,11066,0,-8235,2490,516,0,1974,7854,10311,3217,-2457,7395,2786,76,4609,6326,2217,4109
250603,MICRO BITCOIN - CHICAGO MERCANTILE EXCHANGE,133742,1115,10116,0,-9001,2501,417,0,2084,6958,9433,1424,-2475,7246,2449,80,4797,6515,1920,4595
250527,MICRO BITCOIN - CHICAGO MERCANTILE EXCHANGE,133742,5163,6921,57,-1758,2904,353,0,2551,7875,18486,8555,-10611,8284,2979,107,5305,6981,2468,4513
250520,MICRO BITCOIN - CHICAGO MERCANTILE EXCHANGE,133742,4780,7626,0,-2846,2719,209,0,2510,5778,13453,5895,-7675,6518,3237,132,3281,6926,2196,4730
250513,MICRO BITCOIN - CHICAGO MERCANTILE EXCHANGE,133742,3466,8402,0,-4936,2545,211,0,2334,3630,8173,4600,-4543,5901,2844,101,3057,6224,2136,4088
250506,MICRO BITCOIN - CHICAGO MERCANTILE EXCHANGE,133742,1344,3918,68,-2574,1790,451,0,1339,5274,10792,2151,-5518,6163,3139,105,3024,5639,1910,3729
250429,MICRO BITCOIN - CHICAGO MERCANTILE EXCHANGE,133742,2094,5276,0,-3182,1321,475,0,846,6170,9266,723,-3096,4850,3083,111,1767,5462,1797,3665
250422,MICRO BITCOIN - CHICAGO MERCANTILE EXCHANGE,133742,12048,6011,4,6037,355,523,0,-168,14545,25675,1566,-11130,4809,3121,84,1688,5860,2287,3573
250415,MICRO BITCOIN - CHICAGO MERCANTILE EXCHANGE,133742,9814,767,87,9047,446,287,0,159,20654,33515,1029,-12861,4601,3293,70,1308,4214,1867,2347
250408,MICRO BITCOIN - CHICAGO MERCANTILE EXCHANGE,133742,9565,775,15,8790,1085,270,0,815,13675,25689,1347,-12014,3334,2391,91,943,3949,2483,1466
250401,MICRO BITCOIN - CHICAGO MERCANTILE EXCHANGE,133742,3371,1014,0,2357,1166,212,0,954,7717,13124,476,-5407,3176,2809,0,367,4010,2281,1729
250325,MICRO BITCOIN - CHICAGO MERCANTILE EXCHANGE,133742,6833,846,15,5987,1096,385,0,711,5568,16305,766,-10737,3710,2839,190,871,5532,2364,3168
250318,MICRO BITCOIN - CHICAGO MERCANTILE EXCHANGE,133742,11084,1613,0,9471,1151,350,0,801,7758,22663,406,-14905,3739,2319,203,1420,5562,2349,3213
250311,MICRO BITCOIN - CHICAGO MERCANTILE EXCHANGE,133742,5673,1012,0,4661,599,363,2,236,3627,12653,684,-9026,3509,2636,195,873,5506,2250,3256
250304,MICRO BITCOIN - CHICAGO MERCANTILE EXCHANGE,133742,928,1218,16,-290,1444,380,3,1064,3433,9665,500,-6232,4474,2226,80,2248,5410,2200,3210
250225,MICRO BITCOIN - CHICAGO MERCANTILE EXCHANGE,133742,11474,4926,658,6548,1476,99,3,1377,3491,18703,773,-15212,5513,2699,209,2814,6763,2290,4473
250218,MICRO BITCOIN - CHICAGO MERCANTILE EXCHANGE,133742,12248,3340,0,8908,2042,82,3,1960,3244,22699,2349,-19455,6543,2600,249,3943,6907,2263,4644
250211,MICRO BITCOIN - CHICAGO MERCANTILE EXCHANGE,133742,7869,3227,0,4642,2178,81,0,2097,2790,17180,1518,-14390,6550,2807,203,3743,6059,2151,3908
250204,MICRO BITCOIN - CHICAGO MERCANTILE EXCHANGE,133742,6134,3121,8,3013,2176,62,0,2114,5824,17365,2101,-11541,5744,2625,116,3119,5383,2088,3295
250128,MICRO BITCOIN - CHICAGO MERCANTILE EXCHANGE,133742,3161,4273,413,-1112,2164,62,0,2102,6917,16289,6540,-9372,8206,3586,395,4620,5917,2155,3762
250121,MICRO BITCOIN - CHICAGO MERCANTILE EXCHANGE,133742,1700,3541,0,-1841,1613,69,0,1544,3840,10858,8463,-7018,6310,2954,153,3356,6393,2434,3959
250114,MICRO BITCOIN - CHICAGO MERCANTILE EXCHANGE,133742,8190,3364,0,4826,955,198,1,757,3062,14871,5411,-11809,5508,2658,107,2850,5675,2299,3376
250107,MICRO BITCOIN - CHICAGO MERCANTILE EXCHANGE,133742,5646,500,0,5146,2067,177,0,1890,3849,17232,4951,-13383,5593,2481,125,3112,5377,2142,3235
250729,"Nano Bitcoin  - COINBASE DERIVATIVES, LLC",133LM1,0,0,0,0,0,0,0,0,7235,36675,2051,-29440,42744,15284,0,27460,2741,761,1980
250722,"Nano Bitcoin  - COINBASE DERIVATIVES, LLC",133LM1,0,0,0,0,0,0,0,0,2738,36222,0,-33484,46512,15084,323,31428,4067,2011,2056
250715,Nano Bitcoin  - LMX LABS LLC,133LM1,0,0,0,0,0,0,0,0,145,44019,1,-43874,58494,17072,520,41422,4936,2484,2452
250708,Nano Bitcoin  - LMX LABS LLC,133LM1,0,0,0,0,0,0,0,0,193,38348,160,-38155,54258,18483,184,35775,4575,2195,2380
250701,Nano Bitcoin  - LMX LABS LLC,133LM1,0,0,0,0,0,0,0,0,335,31903,13,-31568,46669,17887,0,28782,4488,1702,2786
250624,Nano Bitcoin  - LMX LABS LLC,133LM1,0,0,0,0,0,0,0,0,620,46114,0,-45494,60997,18634,2042,42363,5205,2074,3131
250617,Nano Bitcoin  - LMX LABS LLC,133LM1,0,0,0,0,0,0,0,0,35,43945,0,-43910,66596,26082,0,40514,5343,1947,3396
250610,Nano Bitcoin  - LMX LABS LLC,133LM1,0,0,0,0,0,0,0,0,982,43416,0,-42434,63259,22698,0,40561,4537,2664,1873
250603,Nano Bitcoin  - LMX LABS LLC,133LM1,0,0,0,0,0,0,0,0,930,40762,5,-39832,56197,19363,3118,36834,4814,1816,2998
250527,Nano Bitcoin  - LMX LABS LLC,133LM1,0,0,0,0,0,0,0,0,438,26476,775,-26038,51545,27974,0,23571,4952,2485,2467
250520,Nano Bitcoin  - LMX LABS LLC,133LM1,0,0,0,0,0,0,0,0,2935,17352,1076,-14417,42791,29561,0,13230,4118,2931,1187
250513,Nano Bitcoin  - LMX LABS LLC,133LM1,0,0,0,0,0,0,0,0,679,22305,541,-21626,42240,22412,0,19828,4223,2425,1798
250506,Nano Bitcoin  - LMX LABS LLC,133LM1,0,0,0,0,0,0,0,0,283,17251,0,-16968,43781,28774,50,15007,3946,1985,1961
250429,Nano Bitcoin  - LMX LABS LLC,133LM1,0,0,0,0,0,0,0,0,219,16106,0,-15887,41544,26968,30,14576,3485,2174,1311
250422,Nano Bitcoin  - LMX LABS LLC,133LM1,0,0,0,0,0,0,0,0,31762,9831,1201,21931,25864,48492,1000,-22628,3307,2610,697
250415,Nano Bitcoin  - LMX LABS LLC,133LM1,0,0,0,0,0,0,0,0,957,21823,928,-20866,42997,24416,100,18581,4272,1987,2285
250408,Nano Bitcoin  - LMX LABS LLC,133LM1,0,0,0,0,0,0,0,0,985,26479,10,-25494,46759,24461,900,22298,4938,1742,3196
250401,Nano Bitcoin  - LMX LABS LLC,133LM1,0,0,0,0,0,0,0,0,2306,13663,0,-11357,41204,31568,0,9636,3698,1977,1721
250325,Nano Bitcoin  - LMX LABS LLC,133LM1,0,0,0,0,0,0,0,0,1657,7780,320,-6123,38843,35030,0,3813,4606,2296,2310
250318,Nano Bitcoin  - LMX LABS LLC,133LM1,0,0,0,0,0,0,0,0,1159,20979,272,-19820,42211,26488,100,15723,5837,1740,4097
250311,Nano Bitcoin  - LMX LABS LLC,133LM1,0,0,0,0,0,0,0,0,740,23465,5,-22725,44001,25390,200,18611,5887,1773,4114
250304,Nano Bitcoin  - LMX LABS LLC,133LM1,0,3350,0,-3350,0,0,0,0,3996,31014,38,-27018,49050,21903,0,27147,4705,1484,3221
250225,Nano Bitcoin  - LMX LABS LLC,133LM1,0,1050,0,-1050,0,0,0,0,1780,44173,698,-42393,53509,15657,0,37852,6431,840,5591
250218,Nano Bitcoin  - LMX LABS LLC,133LM1,0,2000,0,-2000,0,0,0,0,377,42423,0,-42046,53571,15607,0,37964,6913,831,6082
250211,Nano Bitcoin  - LMX LABS LLC,133LM1,0,2000,0,-2000,0,0,0,0,505,48031,0,-47526,54986,11136,0,43850,6619,943,5676
250204,Nano Bitcoin  - LMX LABS LLC,133LM1,0,0,0,0,0,0,0,0,243,38851,60,-38608,49444,14564,0,34880,5165,1437,3728
250128,Nano Bitcoin  - LMX LABS LLC,133LM1,0,0,0,0,0,0,0,0,1944,43247,7,-41303,48789,10378,5,38411,4592,1700,2892
250121,Nano Bitcoin  - LMX LABS LLC,133LM1,0,0,0,0,0,0,0,0,1208,39756,0,-38548,47698,11778,0,35920,4673,2045,2628
250114,Nano Bitcoin  - LMX LABS LLC,133LM1,0,0,0,0,0,0,0,0,690,37922,0,-37232,47217,13734,0,33483,5460,1711,3749
250107,Nano Bitcoin  - LMX LABS LLC,133LM1,0,0,0,0,0,0,0,0,487,48995,0,-48508,55288,10749,0,44539,5268,1299,3969
250729,"NANO BITCOIN PERP STYLE - COINBASE DERIVATIVES, LLC",133LM4,0,0,0,0,0,0,0,0,2069,13244,0,-11175,15913,7270,0,8643,3217,685,2532
250722,"NANO BITCOIN PERP STYLE - COINBASE DERIVATIVES, LLC",133LM4,0,0,0,0,0,0,0,0,0,974,0,-974,8325,8328,0,-3,1397,420,977
250729,ETHER CASH SETTLED - CHICAGO MERCANTILE EXCHANGE,146021,21188,11993,494,9195,4318,511,300,3807,2124,14455,3124,-12331,561,1839,489,-1278,1223,616,607
250722,ETHER CASH SETTLED - CHICAGO MERCANTILE EXCHANGE,146021,20750,10788,2143,9962,4905,439,623,4466,2172,15353,4075,-13181,332,1978,2491,-1646,1121,722,399
250715,ETHER CASH SETTLED - CHICAGO MERCANTILE EXCHANGE,146021,20733,8536,712,12197,4075,527,448,3548,1460,16907,1413,-15447,374,1105,502,-731,1095,662,433
250708,ETHER CASH SETTLED - CHICAGO MERCANTILE EXCHANGE,146021,17716,8225,367,9491,3693,526,462,3167,973,14241,847,-13268,485,324,289,161,1082,633,449
250701,ETHER CASH SETTLED - CHICAGO MERCANTILE EXCHANGE,146021,16172,8403,332,7769,3027,540,508,2487,1275,12574,1329,-11299,841,27,17,814,813,584,229
250624,ETHER CASH SETTLED - CHICAGO MERCANTILE EXCHANGE,146021,16502,8316,397,8186,3058,512,474,2546,2116,13221,2370,-11105,652,502,905,150,1395,1172,223
250617,ETHER CASH SETTLED - CHICAGO MERCANTILE EXCHANGE,146021,15371,7338,333,8033,2989,520,499,2469,2062,12744,776,-10682,368,469,454,-101,863,582,281
250610,ETHER CASH SETTLED - CHICAGO MERCANTILE EXCHANGE,146021,15771,7368,65,8403,3222,648,466,2574,2292,13297,344,-11005,112,611,1,-499,1114,587,527
250603,ETHER CASH SETTLED - CHICAGO MERCANTILE EXCHANGE,146021,14953,7307,257,7646,2925,544,392,2381,1326,11384,1236,-10058,102,511,1,-409,972,532,440
250527,ETHER CASH SETTLED - CHICAGO MERCANTILE EXCHANGE,146021,15520,5618,651,9902,2973,600,526,2373,1027,12961,1184,-11934,123,939,375,-816,1013,538,475
250520,ETHER CASH SETTLED - CHICAGO MERCANTILE EXCHANGE,146021,14065,5425,148,8640,2600,934,395,1666,1093,10556,692,-9463,78,1156,173,-1078,792,557,235
250513,ETHER CASH SETTLED - CHICAGO MERCANTILE EXCHANGE,146021,14628,5342,62,9286,2670,1288,339,1382,737,10075,415,-9338,65,1500,44,-1435,754,649,105
250506,ETHER CASH SETTLED - CHICAGO MERCANTILE EXCHANGE,146021,9486,4750,163,4736,1790,1870,85,-80,983,5259,172,-4276,251,678,6,-427,637,590,47
250429,ETHER CASH SETTLED - CHICAGO MERCANTILE EXCHANGE,146021,9706,4625,154,5081,1490,1365,153,125,852,6209,417,-5357,84,180,55,-96,756,509,247
250422,ETHER CASH SETTLED - CHICAGO MERCANTILE EXCHANGE,146021,8960,3174,529,5786,1843,1758,780,85,1192,6252,587,-5060,26,520,1046,-494,494,811,-317
250415,ETHER CASH SETTLED - CHICAGO MERCANTILE EXCHANGE,146021,8619,3496,153,5123,1807,1844,319,-37,789,5835,302,-5046,686,679,992,7,671,718,-47
250408,ETHER CASH SETTLED - CHICAGO MERCANTILE EXCHANGE,146021,8125,4393,157,3732,1732,1453,458,279,1322,5435,743,-4113,1828,1663,0,165,579,642,-63
250401,ETHER CASH SETTLED - CHICAGO MERCANTILE EXCHANGE,146021,9687,4598,96,5089,2653,1088,221,1565,1095,6902,601,-5807,1931,2864,0,-933,622,536,86
250325,ETHER CASH SETTLED - CHICAGO MERCANTILE EXCHANGE,146021,10494,5624,134,4870,2619,938,299,1681,1014,7476,835,-6462,2605,2714,26,-109,816,796,20
250318,ETHER CASH SETTLED - CHICAGO MERCANTILE EXCHANGE,146021,9525,5453,86,4072,2297,949,306,1348,1470,6862,1068,-5392,3258,3337,26,-79,770,719,51
250311,ETHER CASH SETTLED - CHICAGO MERCANTILE EXCHANGE,146021,9546,5661,52,3885,2456,954,318,1502,1285,7654,1589,-6369,3264,2379,0,885,759,662,97
250304,ETHER CASH SETTLED - CHICAGO MERCANTILE EXCHANGE,146021,10806,5670,405,5136,2823,693,260,2130,748,8544,428,-7796,2321,1865,0,456,784,710,74
250225,ETHER CASH SETTLED - CHICAGO MERCANTILE EXCHANGE,146021,12324,6629,218,5695,2847,485,222,2362,542,10666,420,-10124,2292,340,533,1952,735,620,115
250218,ETHER CASH SETTLED - CHICAGO MERCANTILE EXCHANGE,146021,12917,7465,159,5452,2900,217,534,2683,665,10278,512,-9613,1843,352,943,1491,741,754,-13
250211,ETHER CASH SETTLED - CHICAGO MERCANTILE EXCHANGE,146021,12762,7135,146,5627,3304,202,151,3102,714,11126,504,-10412,1964,347,7,1617,710,644,66
250204,ETHER CASH SETTLED - CHICAGO MERCANTILE EXCHANGE,146021,13388,6987,714,6401,3594,261,134,3333,748,12225,554,-11477,1882,347,473,1535,789,581,208
250128,ETHER CASH SETTLED - CHICAGO MERCANTILE EXCHANGE,146021,11626,6558,393,5068,3329,69,279,3260,757,8866,687,-8109,726,1121,1320,-395,766,590,176
250121,ETHER CASH SETTLED - CHICAGO MERCANTILE EXCHANGE,146021,11677,6338,126,5339,3631,154,133,3477,775,9104,566,-8329,395,1234,2008,-839,817,465,352
250114,ETHER CASH SETTLED - CHICAGO MERCANTILE EXCHANGE,146021,10262,6287,163,3975,3308,201,153,3107,868,7702,795,-6834,688,1236,470,-548,720,420,300
250107,ETHER CASH SETTLED - CHICAGO MERCANTILE EXCHANGE,146021,10779,6204,155,4575,3314,307,183,3007,1866,7323,185,-5457,361,2819,444,-2458,739,406,333
250729,MICRO ETHER  - CHICAGO MERCANTILE EXCHANGE,146022,8717,0,0,8717,1334,1041,777,293,12649,68352,16,-55703,46237,2575,8,43662,3770,739,3031
250722,MICRO ETHER  - CHICAGO MERCANTILE EXCHANGE,146022,3642,3480,0,162,1326,898,621,428,33182,80809,5809,-47627,48268,4742,40,43526,4265,754,3511
250715,MICRO ETHER  - CHICAGO MERCANTILE EXCHANGE,146022,1715,57440,0,-55725,1594,698,636,896,51547,34351,12909,17196,41364,6605,0,34759,3329,455,2874
250708,MICRO ETHER  - CHICAGO MERCANTILE EXCHANGE,146022,874,7795,406,-6921,459,1184,410,-725,15732,40516,16468,-24784,32136,1862,0,30274,2449,293,2156
250701,MICRO ETHER  - CHICAGO MERCANTILE EXCHANGE,146022,874,2980,363,-2106,459,1479,180,-1020,21280,55697,7285,-34417,37160,1574,0,35586,2278,321,1957
250624,MICRO ETHER  - CHICAGO MERCANTILE EXCHANGE,146022,2864,8848,0,-5984,204,1460,343,-1256,94167,112442,1854,-18275,26040,3185,30,22855,2998,338,2660
250617,MICRO ETHER  - CHICAGO MERCANTILE EXCHANGE,146022,9459,250,143,9209,942,1479,362,-537,84159,117623,32,-33464,25080,3098,50,21982,3116,306,2810
250610,MICRO ETHER  - CHICAGO MERCANTILE EXCHANGE,146022,4037,200,506,3837,288,1088,643,-800,27497,53809,10226,-26312,23959,2719,30,21240,2605,570,2035
250603,MICRO ETHER  - CHICAGO MERCANTILE EXCHANGE,146022,2932,150,59,2782,896,819,736,77,18993,41533,69,-22540,21972,4126,30,17846,2254,419,1835
250527,MICRO ETHER  - CHICAGO MERCANTILE EXCHANGE,146022,14315,1530,0,12785,733,1134,923,-401,76418,101924,9558,-25506,25627,14386,0,11241,2534,653,1881
250520,MICRO ETHER  - CHICAGO MERCANTILE EXCHANGE,146022,14994,3372,0,11622,1000,3707,698,-2707,52603,80860,8618,-28257,23325,5893,10,17432,2424,514,1910
250513,MICRO ETHER  - CHICAGO MERCANTILE EXCHANGE,146022,3150,1569,1114,1581,1319,6983,587,-5664,33053,45743,10151,-12690,22892,7859,11,15033,2260,520,1740
250506,MICRO ETHER  - CHICAGO MERCANTILE EXCHANGE,146022,6250,100,1370,6150,1557,8762,494,-7205,21251,46504,5763,-25253,27561,2821,10,24740,1949,381,1568
250429,MICRO ETHER  - CHICAGO MERCANTILE EXCHANGE,146022,2175,2094,1059,81,1831,9582,445,-7751,9270,28081,4263,-18811,27458,2465,10,24993,1862,374,1488
250422,MICRO ETHER  - CHICAGO MERCANTILE EXCHANGE,146022,16712,4016,0,12696,393,10774,475,-10381,11802,41376,16922,-29574,29215,3847,120,25368,2425,534,1891
250415,MICRO ETHER  - CHICAGO MERCANTILE EXCHANGE,146022,28732,260,1471,28472,393,10502,450,-10109,5114,48964,4096,-43850,27184,3167,0,24017,2146,676,1470
250408,MICRO ETHER  - CHICAGO MERCANTILE EXCHANGE,146022,8085,259,0,7826,93,10820,354,-10727,24100,35657,3025,-11557,25169,12045,0,13124,2223,889,1334
250401,MICRO ETHER  - CHICAGO MERCANTILE EXCHANGE,146022,2124,6844,0,-4720,221,10535,393,-10314,3629,9605,6931,-5976,23870,3900,0,19970,1726,686,1040
250325,MICRO ETHER  - CHICAGO MERCANTILE EXCHANGE,146022,169735,166,0,169569,1206,10308,879,-9102,14908,205444,520,-190536,29247,1593,10,27654,3041,626,2415
250318,MICRO ETHER  - CHICAGO MERCANTILE EXCHANGE,146022,97309,2497,0,94812,878,9252,879,-8374,17892,130757,156,-112865,28011,4188,71,23823,3294,690,2604
250311,MICRO ETHER  - CHICAGO MERCANTILE EXCHANGE,146022,57074,1219,0,55855,807,4989,650,-4182,20452,97727,0,-77275,27098,3768,50,23330,3031,759,2272
250304,MICRO ETHER  - CHICAGO MERCANTILE EXCHANGE,146022,5588,246,0,5342,951,2461,303,-1510,14463,45091,1585,-30628,27857,3388,50,24469,2978,651,2327
250225,MICRO ETHER  - CHICAGO MERCANTILE EXCHANGE,146022,15202,2662,0,12540,871,640,1773,231,40121,78784,937,-38663,25930,2721,488,23209,3258,575,2683
250218,MICRO ETHER  - CHICAGO MERCANTILE EXCHANGE,146022,1301,2072,893,-771,771,1651,1371,-880,52198,82128,3577,-29930,31383,2475,0,28908,3169,496,2673
250211,MICRO ETHER  - CHICAGO MERCANTILE EXCHANGE,146022,3332,1992,34,1340,1060,642,1353,418,52869,86946,4818,-34077,32779,2654,0,30125,2664,470,2194
250204,MICRO ETHER  - CHICAGO MERCANTILE EXCHANGE,146022,212,6758,0,-6546,909,803,1089,106,101873,124420,6891,-22547,29668,2644,10,27024,2374,411,1963
250128,MICRO ETHER  - CHICAGO MERCANTILE EXCHANGE,146022,4464,39592,1186,-35128,1954,1706,477,248,65705,52210,1616,13495,22902,3248,108,19654,2262,531,1731
250121,MICRO ETHER  - CHICAGO MERCANTILE EXCHANGE,146022,2565,40534,9,-37969,2358,2182,146,176,46439,33579,6474,12860,25151,2093,75,23058,2347,472,1875
250114,MICRO ETHER  - CHICAGO MERCANTILE EXCHANGE,146022,4920,36071,0,-31151,1727,2388,274,-661,27337,14019,7058,13318,19193,2160,80,17033,2008,547,1461
250107,MICRO ETHER  - CHICAGO MERCANTILE EXCHANGE,146022,6351,34378,0,-28027,1848,2458,146,-610,23698,11265,2401,12433,17775,3149,70,14626,1921,343,1578
250729,"NANO ETHER - COINBASE DERIVATIVES, LLC",146LM1,0,0,0,0,0,0,0,0,6240,84946,3251,-78706,90399,15016,0,75383,4512,1189,3323
250722,"NANO ETHER - COINBASE DERIVATIVES, LLC",146LM1,0,0,0,0,0,0,0,0,1683,99075,606,-97392,125484,31749,0,93735,5468,1811,3657
250715,NANO ETHER - LMX LABS LLC,146LM1,0,0,0,0,0,0,0,0,3845,70251,20,-66406,130296,66988,139,63308,5130,2032,3098
250708,NANO ETHER - LMX LABS LLC,146LM1,0,0,0,0,0,0,0,0,1028,50890,0,-49862,101031,54619,548,46412,5149,1699,3450
250701,NANO ETHER - LMX LABS LLC,146LM1,0,0,0,0,0,0,0,0,570,56069,0,-55499,105108,53955,568,51153,5387,1041,4346
250624,NANO ETHER - LMX LABS LLC,146LM1,0,0,0,0,0,0,0,0,105,67551,0,-67446,109285,46730,2302,62555,6255,1364,4891
250617,NANO ETHER - LMX LABS LLC,146LM1,0,0,0,0,0,0,0,0,1156,91088,0,-89932,120871,36039,2069,84832,6201,1101,5100
250610,NANO ETHER - LMX LABS LLC,146LM1,0,0,0,0,0,0,0,0,1507,79595,0,-78088,116183,41605,0,74578,5313,1803,3510
250603,NANO ETHER - LMX LABS LLC,146LM1,0,0,0,0,0,0,0,0,192,82128,0,-81936,104134,25921,2604,78213,5130,1407,3723
250527,NANO ETHER - LMX LABS LLC,146LM1,0,0,0,0,0,0,0,0,5892,33275,1,-27383,87822,63464,0,24358,4797,1772,3025
250520,NANO ETHER - LMX LABS LLC,146LM1,0,0,0,0,0,0,0,0,2575,48538,0,-45963,83348,41873,0,41475,5815,1327,4488
250513,NANO ETHER - LMX LABS LLC,146LM1,0,0,0,0,0,0,0,0,4881,63026,0,-58145,83174,28194,0,54980,4690,1525,3165
250506,NANO ETHER - LMX LABS LLC,146LM1,0,0,0,0,0,0,0,0,1560,43147,0,-41587,64707,25794,0,38913,3348,674,2674
250429,NANO ETHER - LMX LABS LLC,146LM1,0,0,0,0,0,0,0,0,357,25665,12,-25308,48716,25548,0,23168,4733,2593,2140
250422,NANO ETHER - LMX LABS LLC,146LM1,0,0,0,0,0,0,0,0,176,30803,1730,-30627,50802,22669,5,28133,13641,11147,2494
250415,NANO ETHER - LMX LABS LLC,146LM1,0,0,0,0,0,0,0,0,1506,24415,159,-22909,48207,28062,5,20145,7176,4412,2764
250408,NANO ETHER - LMX LABS LLC,146LM1,0,0,0,0,0,0,0,0,481,11089,61,-10608,32470,24664,0,7806,3615,813,2802
250401,NANO ETHER - LMX LABS LLC,146LM1,0,1793,0,-1793,0,0,0,0,3631,8396,20,-4765,29877,25295,0,4582,2775,799,1976
250325,NANO ETHER - LMX LABS LLC,146LM1,0,0,0,0,0,0,0,0,1614,17447,1711,-15833,34184,21020,100,13164,3451,782,2669
250318,NANO ETHER - LMX LABS LLC,146LM1,0,1700,0,-1700,0,0,0,0,1560,21232,20,-19672,38355,20593,0,17762,4210,600,3610
250311,NANO ETHER - LMX LABS LLC,146LM1,0,0,0,0,0,0,0,0,952,16378,0,-15426,39111,27581,0,11530,4540,644,3896
250304,NANO ETHER - LMX LABS LLC,146LM1,0,350,0,-350,0,0,0,0,677,22868,164,-22191,33517,14535,0,18982,3999,440,3559
250225,NANO ETHER - LMX LABS LLC,146LM1,0,1100,0,-1100,0,0,0,0,625,47544,296,-46919,58380,14370,138,44010,4481,472,4009
250218,NANO ETHER - LMX LABS LLC,146LM1,0,3050,0,-3050,0,0,0,0,2133,50783,301,-48650,55745,9598,0,46147,5974,421,5553
250211,NANO ETHER - LMX LABS LLC,146LM1,0,3500,0,-3500,0,0,0,0,2312,47853,101,-45541,56046,12550,0,43496,6046,501,5545
250204,NANO ETHER - LMX LABS LLC,146LM1,0,0,0,0,0,0,0,0,3844,60294,15,-56450,66729,14678,0,52051,5023,624,4399
250128,NANO ETHER - LMX LABS LLC,146LM1,0,0,0,0,0,0,0,0,1047,45346,0,-44299,47991,7905,0,40086,4706,493,4213
250121,NANO ETHER - LMX LABS LLC,146LM1,0,0,0,0,0,0,0,0,1116,58415,852,-57299,59802,7012,0,52790,4919,410,4509
250114,NANO ETHER - LMX LABS LLC,146LM1,0,0,0,0,0,0,0,0,1311,55709,105,-54398,55294,5220,0,50074,4806,482,4324
250107,NANO ETHER - LMX LABS LLC,146LM1,0,0,0,0,0,0,0,0,2264,51244,4,-48980,52241,6721,0,45520,3957,497,3460
250729,"NANO ETHER PERP STYLE - COINBASE DERIVATIVES, LLC",146LM3,0,0,0,0,0,0,0,0,477,79746,0,-79269,86574,11354,0,75220,5079,1030,4049
250722,"NANO ETHER PERP STYLE - COINBASE DERIVATIVES, LLC",146LM3,0,0,0,0,0,0,0,0,2659,449,0,2210,48945,53560,0,-4615,3551,1146,2405
250729,"LITECOIN CASH - COINBASE DERIVATIVES, LLC",167LM0,0,0,0,0,0,0,0,0,65,1041,0,-976,1412,832,0,580,405,9,396
250722,"LITECOIN CASH - COINBASE DERIVATIVES, LLC",167LM0,0,0,0,0,0,0,0,0,260,1785,277,-1525,1621,441,0,1180,400,55,345
250624,LITECOIN CASH - LMX LABS LLC,167LM0,0,0,0,0,0,0,0,0,312,1518,22,-1206,1063,190,0,873,382,49,333
250610,LITECOIN CASH - LMX LABS LLC,167LM0,0,0,0,0,0,0,0,0,297,1488,0,-1191,1134,363,0,771,483,63,420
250603,LITECOIN CASH - LMX LABS LLC,167LM0,0,0,0,0,0,0,0,0,316,1319,0,-1003,1041,430,0,611,454,62,392
250527,LITECOIN CASH - LMX LABS LLC,167LM0,0,0,0,0,0,0,0,0,1258,2481,0,-1223,1058,305,0,753,517,47,470
250520,LITECOIN CASH - LMX LABS LLC,167LM0,0,0,0,0,0,0,0,0,1469,2625,28,-1156,1023,386,0,637,581,62,519
250513,LITECOIN CASH - LMX LABS LLC,167LM0,0,0,0,0,0,0,0,0,1065,2233,0,-1168,1037,159,0,878,441,151,290
250506,LITECOIN CASH - LMX LABS LLC,167LM0,0,0,0,0,0,0,0,0,1377,2493,0,-1116,888,197,0,691,467,42,425
250429,LITECOIN CASH - LMX LABS LLC,167LM0,0,0,0,0,0,0,0,0,170,1489,0,-1319,1181,175,0,1006,347,34,313
250422,LITECOIN CASH - LMX LABS LLC,167LM0,0,0,0,0,0,0,0,0,756,1927,0,-1171,988,298,0,690,539,58,481
250415,LITECOIN CASH - LMX LABS LLC,167LM0,0,0,0,0,0,0,0,0,360,1691,0,-1331,1029,255,0,774,601,44,557
250408,LITECOIN CASH - LMX LABS LLC,167LM0,0,0,0,0,0,0,0,0,518,2015,0,-1497,1226,238,0,988,562,53,509
250401,LITECOIN CASH - LMX LABS LLC,167LM0,0,0,0,0,0,0,0,0,213,1846,0,-1633,1207,120,0,1087,592,46,546
250325,LITECOIN CASH - LMX LABS LLC,167LM0,0,0,0,0,0,0,0,0,225,1923,85,-1698,1381,397,0,984,773,59,714
250318,LITECOIN CASH - LMX LABS LLC,167LM0,0,0,0,0,0,0,0,0,224,2679,0,-2455,1949,390,0,1559,961,65,896
250311,LITECOIN CASH - LMX LABS LLC,167LM0,0,0,0,0,0,0,0,0,110,2288,0,-2178,1686,375,0,1311,931,64,867
250304,LITECOIN CASH - LMX LABS LLC,167LM0,0,0,0,0,0,0,0,0,150,1881,0,-1731,1561,555,0,1006,798,73,725
250225,LITECOIN CASH - LMX LABS LLC,167LM0,0,0,0,0,0,0,0,0,30,1912,0,-1882,1841,410,0,1431,576,125,451
250218,LITECOIN CASH - LMX LABS LLC,167LM0,0,0,0,0,0,0,0,0,226,556,0,-330,1147,1173,0,-26,597,241,356
250211,LITECOIN CASH - LMX LABS LLC,167LM0,0,0,0,0,0,0,0,0,219,832,4,-613,957,674,0,283,638,308,330
250204,LITECOIN CASH - LMX LABS LLC,167LM0,0,0,0,0,0,0,0,0,292,1297,0,-1005,829,414,0,415,671,81,590
250128,LITECOIN CASH - LMX LABS LLC,167LM0,0,0,0,0,0,0,0,0,444,1265,544,-821,903,502,0,401,505,85,420
250121,LITECOIN CASH - LMX LABS LLC,167LM0,0,0,0,0,0,0,0,0,378,1046,235,-668,1170,900,0,270,483,85,398
250114,LITECOIN CASH - LMX LABS LLC,167LM0,0,0,0,0,0,0,0,0,614,1404,0,-790,1178,839,0,339,542,91,451
250107,LITECOIN CASH - LMX LABS LLC,167LM0,0,0,0,0,0,0,0,0,900,1934,0,-1034,974,380,0,594,505,65,440
250729,"DOGECOIN - COINBASE DERIVATIVES, LLC",168DC1,0,0,0,0,0,0,0,0,26,3250,0,-3224,2342,140,0,2202,1048,26,1022
250722,"DOGECOIN - COINBASE DERIVATIVES, LLC",168DC1,0,0,0,0,0,0,0,0,25,3794,0,-3769,2948,223,0,2725,1180,136,1044
250715,DOGECOIN - LMX LABS LLC,168DC1,0,0,0,0,0,0,0,0,75,2244,0,-2169,1516,174,0,1342,902,75,827
250708,DOGECOIN - LMX LABS LLC,168DC1,0,0,0,0,0,0,0,0,0,1432,0,-1432,1011,202,0,809,662,39,623
250701,DOGECOIN - LMX LABS LLC,168DC1,0,0,0,0,0,0,0,0,0,1505,0,-1505,1008,120,0,888,675,58,617
250624,DOGECOIN - LMX LABS LLC,168DC1,0,0,0,0,0,0,0,0,65,1723,0,-1658,1010,167,0,843,861,46,815
250617,DOGECOIN - LMX LABS LLC,168DC1,0,0,0,0,0,0,0,0,65,1536,0,-1471,780,110,0,670,869,68,801
250610,DOGECOIN - LMX LABS LLC,168DC1,0,0,0,0,0,0,0,0,65,1517,0,-1452,850,85,0,765,757,70,687
250603,DOGECOIN - LMX LABS LLC,168DC1,0,0,0,0,0,0,0,0,55,1633,0,-1578,994,135,0,859,754,35,719
250527,DOGECOIN - LMX LABS LLC,168DC1,0,0,0,0,0,0,0,0,136,1621,1,-1485,949,110,0,839,710,64,646
250520,DOGECOIN - LMX LABS LLC,168DC1,0,0,0,0,0,0,0,0,36,1223,0,-1187,695,160,0,535,745,93,652
250513,DOGECOIN - LMX LABS LLC,168DC1,0,0,0,0,0,0,0,0,0,1007,0,-1007,571,216,0,355,742,90,652
250325,DOGECOIN - LMX LABS LLC,168DC1,0,0,0,0,0,0,0,0,64,859,0,-795,586,128,0,458,491,154,337
250304,DOGECOIN - LMX LABS LLC,168DC1,0,0,0,0,0,0,0,0,0,882,2,-882,617,157,0,460,513,91,422
250218,DOGECOIN - LMX LABS LLC,168DC1,0,0,0,0,0,0,0,0,107,1814,0,-1707,905,143,0,762,1008,63,945
250211,DOGECOIN - LMX LABS LLC,168DC1,0,0,0,0,0,0,0,0,75,1614,0,-1539,791,268,0,523,1098,82,1016
250204,DOGECOIN - LMX LABS LLC,168DC1,0,0,0,0,0,0,0,0,78,1341,0,-1263,700,218,0,482,912,131,781
250128,DOGECOIN - LMX LABS LLC,168DC1,0,0,0,0,0,0,0,0,75,1286,0,-1211,657,147,0,510,825,124,701
250121,DOGECOIN - LMX LABS LLC,168DC1,0,0,0,0,0,0,0,0,0,1337,0,-1337,823,247,0,576,916,155,761
250114,DOGECOIN - LMX LABS LLC,168DC1,0,0,0,0,0,0,0,0,0,1437,0,-1437,718,181,0,537,1117,217,900
250107,DOGECOIN - LMX LABS LLC,168DC1,0,0,0,0,0,0,0,0,63,1386,0,-1323,648,102,0,546,966,189,777
250722,"POLKADOT - COINBASE DERIVATIVES, LLC",169LM1,0,0,0,0,0,0,0,0,48,1173,65,-1125,886,103,0,783,384,42,342
250225,POLKADOT - LMX LABS LLC,169LM1,0,0,0,0,0,0,0,0,0,746,2,-746,624,326,0,298,537,89,448
250218,POLKADOT - LMX LABS LLC,169LM1,0,0,0,0,0,0,0,0,0,905,0,-905,655,371,0,284,664,43,621
250211,POLKADOT - LMX LABS LLC,169LM1,0,0,0,0,0,0,0,0,30,766,0,-736,532,306,0,226,574,64,510
250204,POLKADOT - LMX LABS LLC,169LM1,0,0,0,0,0,0,0,0,0,1066,0,-1066,737,116,0,621,524,79,445
250128,POLKADOT - LMX LABS LLC,169LM1,0,0,0,0,0,0,0,0,0,1231,170,-1231,872,209,0,663,664,96,568
250121,POLKADOT - LMX LABS LLC,169LM1,0,0,0,0,0,0,0,0,0,1387,0,-1387,1017,282,0,735,739,87,652
250114,POLKADOT - LMX LABS LLC,169LM1,0,0,0,0,0,0,0,0,0,1451,0,-1451,1165,289,0,876,697,122,575
250107,POLKADOT - LMX LABS LLC,169LM1,0,0,0,0,0,0,0,0,0,910,0,-910,697,298,0,399,615,104,511
250729,"CHAINLINK - COINBASE DERIVATIVES, LLC",170LM1,0,0,0,0,0,0,0,0,0,2355,0,-2355,1888,189,0,1699,715,59,656
250722,"CHAINLINK - COINBASE DERIVATIVES, LLC",170LM1,0,0,0,0,0,0,0,0,25,2625,0,-2600,2121,163,0,1958,755,113,642
250715,CHAINLINK - LMX LABS LLC,170LM1,0,0,0,0,0,0,0,0,50,2279,0,-2229,1895,306,0,1589,701,61,640
250708,CHAINLINK - LMX LABS LLC,170LM1,0,0,0,0,0,0,0,0,0,1308,0,-1308,1074,185,0,889,525,106,419
250701,CHAINLINK - LMX LABS LLC,170LM1,0,0,0,0,0,0,0,0,0,1052,0,-1052,836,236,0,600,506,54,452
250624,CHAINLINK - LMX LABS LLC,170LM1,0,0,0,0,0,0,0,0,0,1440,0,-1440,992,123,0,869,653,82,571
250617,CHAINLINK - LMX LABS LLC,170LM1,0,0,0,0,0,0,0,0,0,1277,0,-1277,862,77,0,785,595,103,492
250610,CHAINLINK - LMX LABS LLC,170LM1,0,0,0,0,0,0,0,0,0,1218,0,-1218,1165,308,0,857,444,83,361
250603,CHAINLINK - LMX LABS LLC,170LM1,0,0,0,0,0,0,0,0,0,978,0,-978,875,355,0,520,520,62,458
250527,CHAINLINK - LMX LABS LLC,170LM1,0,0,0,0,0,0,0,0,0,1311,0,-1311,936,98,0,838,547,74,473
250520,CHAINLINK - LMX LABS LLC,170LM1,0,0,0,0,0,0,0,0,0,1148,0,-1148,968,216,0,752,466,70,396
250513,CHAINLINK - LMX LABS LLC,170LM1,0,0,0,0,0,0,0,0,0,1141,0,-1141,1019,294,0,725,557,141,416
250415,CHAINLINK - LMX LABS LLC,170LM1,0,0,0,0,0,0,0,0,0,575,0,-575,554,379,0,175,502,102,400
250408,CHAINLINK - LMX LABS LLC,170LM1,0,0,0,0,0,0,0,0,0,666,0,-666,558,327,0,231,533,98,435
250225,CHAINLINK - LMX LABS LLC,170LM1,0,0,0,0,0,0,0,0,0,1782,0,-1782,1079,174,0,905,979,102,877
250218,CHAINLINK - LMX LABS LLC,170LM1,0,0,0,0,0,0,0,0,0,1702,0,-1702,1079,318,0,761,1111,170,941
250211,CHAINLINK - LMX LABS LLC,170LM1,0,0,0,0,0,0,0,0,0,1570,0,-1570,1089,401,0,688,1004,122,882
250204,CHAINLINK - LMX LABS LLC,170LM1,0,0,0,0,0,0,0,0,0,1328,0,-1328,719,141,0,578,859,109,750
250128,CHAINLINK - LMX LABS LLC,170LM1,0,0,0,0,0,0,0,0,0,1419,0,-1419,835,221,0,614,960,155,805
250121,CHAINLINK - LMX LABS LLC,170LM1,0,0,0,0,0,0,0,0,0,1678,0,-1678,1151,309,0,842,1047,211,836
250114,CHAINLINK - LMX LABS LLC,170LM1,0,0,0,0,0,0,0,0,0,2185,0,-2185,1451,511,0,940,1403,158,1245
250107,CHAINLINK - LMX LABS LLC,170LM1,0,0,0,0,0,0,0,0,0,1929,0,-1929,1290,361,0,929,1158,158,1000
250729,"AVALANCHE - COINBASE DERIVATIVES, LLC",171LM1,0,0,0,0,0,0,0,0,28,1534,0,-1506,2194,1306,0,888,694,76,618
250722,"AVALANCHE - COINBASE DERIVATIVES, LLC",171LM1,0,0,0,0,0,0,0,0,90,2824,0,-2734,2842,790,0,2052,800,118,682
250715,AVALANCHE - LMX LABS LLC,171LM1,0,0,0,0,0,0,0,0,105,2764,0,-2659,2761,817,0,1944,843,128,715
250708,AVALANCHE - LMX LABS LLC,171LM1,0,0,0,0,0,0,0,0,135,2004,0,-1869,1885,777,0,1108,904,143,761
250701,AVALANCHE - LMX LABS LLC,171LM1,0,0,0,0,0,0,0,0,0,1654,0,-1654,1559,778,0,781,917,44,873
250624,AVALANCHE - LMX LABS LLC,171LM1,0,0,0,0,0,0,0,0,0,1661,0,-1661,1536,619,0,917,829,85,744
250617,AVALANCHE - LMX LABS LLC,171LM1,0,0,0,0,0,0,0,0,0,1536,0,-1536,1653,971,0,682,907,53,854
250610,AVALANCHE - LMX LABS LLC,171LM1,0,0,0,0,0,0,0,0,0,2372,0,-2372,2466,729,0,1737,734,99,635
250603,AVALANCHE - LMX LABS LLC,171LM1,0,0,0,0,0,0,0,0,0,1463,0,-1463,1811,978,0,833,697,67,630
250527,AVALANCHE - LMX LABS LLC,171LM1,0,0,0,0,0,0,0,0,0,2417,0,-2417,2011,162,0,1849,652,84,568
250520,AVALANCHE - LMX LABS LLC,171LM1,0,0,0,0,0,0,0,0,0,2033,0,-2033,1572,55,0,1517,635,119,516
250513,AVALANCHE - LMX LABS LLC,171LM1,0,0,0,0,0,0,0,0,0,1393,0,-1393,1181,227,0,954,536,97,439
250401,AVALANCHE - LMX LABS LLC,171LM1,0,0,0,0,0,0,0,0,0,750,0,-750,861,419,0,442,504,196,308
250325,AVALANCHE - LMX LABS LLC,171LM1,0,0,0,0,0,0,0,0,0,99,0,-99,790,935,0,-145,552,308,244
250318,AVALANCHE - LMX LABS LLC,171LM1,0,0,0,0,0,0,0,0,163,314,0,-151,481,767,0,-286,535,98,437
250311,AVALANCHE - LMX LABS LLC,171LM1,0,0,0,0,0,0,0,0,0,271,0,-271,584,758,0,-174,611,166,445
250225,AVALANCHE - LMX LABS LLC,171LM1,0,0,0,0,0,0,0,0,0,605,0,-605,809,711,0,98,593,86,507
250218,AVALANCHE - LMX LABS LLC,171LM1,0,0,0,0,0,0,0,0,0,846,0,-846,1138,976,0,162,748,64,684
250211,AVALANCHE - LMX LABS LLC,171LM1,0,0,0,0,0,0,0,0,0,533,0,-533,707,885,0,-178,794,83,711
250204,AVALANCHE - LMX LABS LLC,171LM1,0,0,0,0,0,0,0,0,0,1058,0,-1058,858,489,0,369,739,50,689
250128,AVALANCHE - LMX LABS LLC,171LM1,0,0,0,0,0,0,0,0,0,2297,0,-2297,1673,340,0,1333,1080,116,964
250121,AVALANCHE - LMX LABS LLC,171LM1,0,0,0,0,0,0,0,0,0,2588,0,-2588,1928,358,0,1570,1106,88,1018
250114,AVALANCHE - LMX LABS LLC,171LM1,0,0,0,0,0,0,0,0,0,2206,0,-2206,1708,376,0,1332,938,64,874
250107,AVALANCHE - LMX LABS LLC,171LM1,0,0,0,0,0,0,0,0,0,1634,0,-1634,1070,145,0,925,859,150,709
250729,"1K SHIB - COINBASE DERIVATIVES, LLC",172LM1,0,0,0,0,0,0,0,0,36,1432,0,-1396,986,51,0,935,513,52,461
250722,"1K SHIB - COINBASE DERIVATIVES, LLC",172LM1,0,0,0,0,0,0,0,0,0,1686,0,-1686,1315,135,0,1180,619,113,506
250128,1K SHIB - LMX LABS LLC,172LM1,0,0,0,0,0,0,0,0,0,1217,0,-1217,655,273,0,382,863,28,835
250121,1K SHIB - LMX LABS LLC,172LM1,0,0,0,0,0,0,0,0,0,1457,0,-1457,774,280,0,494,974,11,963
250114,1K SHIB - LMX LABS LLC,172LM1,0,0,0,0,0,0,0,0,0,1290,0,-1290,767,229,0,538,792,40,752
250722,"NANO STELLAR - COINBASE DERIVATIVES, LLC",173LM1,0,0,0,0,0,0,0,0,0,1704,0,-1704,1333,50,0,1283,651,230,421
250715,NANO STELLAR - LMX LABS LLC,173LM1,0,0,0,0,0,0,0,0,0,1104,0,-1104,916,228,0,688,743,327,416
250218,NANO STELLAR - LMX LABS LLC,173LM1,0,0,0,0,0,0,0,0,0,1056,0,-1056,578,233,0,345,796,85,711
250211,STELLAR - LMX LABS LLC,173LM1,0,0,0,0,0,0,0,0,0,1001,0,-1001,631,264,0,367,767,133,634
250204,STELLAR - LMX LABS LLC,173LM1,0,0,0,0,0,0,0,0,0,966,0,-966,694,266,0,428,675,137,538
250121,STELLAR - LMX LABS LLC,173LM1,0,0,0,0,0,0,0,0,0,997,0,-997,625,372,0,253,918,174,744
250114,STELLAR - LMX LABS LLC,173LM1,0,0,0,0,0,0,0,0,0,863,0,-863,598,291,0,307,701,145,556
250729,"CARDONA - COINBASE DERIVATIVES, LLC",174LM1,0,0,0,0,0,0,0,0,0,3772,0,-3772,2948,59,0,2889,952,69,883
250722,"CARDONA - COINBASE DERIVATIVES, LLC",174LM1,0,0,0,0,0,0,0,0,26,3930,0,-3904,3250,146,0,3104,907,107,800
250715,CARDONA - LMX LABS LLC,174LM1,0,0,0,0,0,0,0,0,32,2680,0,-2648,2006,83,0,1923,783,58,725
250708,CARDONA - LMX LABS LLC,174LM1,0,0,0,0,0,0,0,0,40,1651,0,-1611,1244,55,0,1189,542,120,422
250701,CARDONA - LMX LABS LLC,174LM1,0,0,0,0,0,0,0,0,0,1602,0,-1602,1298,202,0,1096,565,59,506
250624,CARDONA - LMX LABS LLC,174LM1,0,0,0,0,0,0,0,0,0,1986,0,-1986,1354,34,0,1320,706,40,666
250617,CARDONA - LMX LABS LLC,174LM1,0,0,0,0,0,0,0,0,0,1440,0,-1440,998,170,0,828,692,80,612
250610,CARDONA - LMX LABS LLC,174LM1,0,0,0,0,0,0,0,0,0,1334,0,-1334,1018,81,0,937,497,100,397
250603,CARDONA - LMX LABS LLC,174LM1,0,0,0,0,0,0,0,0,0,980,0,-980,802,319,0,483,533,36,497
250520,CARDONA - LMX LABS LLC,174LM1,0,0,0,0,0,0,0,0,0,1029,0,-1029,873,471,0,402,673,46,627
250722,XRP - CHICAGO MERCANTILE EXCHANGE,176740,2751,175,236,2576,483,0,0,483,381,2474,111,-2093,0,960,5,-960,87,93,-6
250729,"NANO XRP - COINBASE DERIVATIVES, LLC",176LM1,0,0,0,0,0,0,0,0,20546,29351,0,-8805,7901,2113,0,5788,3450,433,3017
250722,"NANO XRP - COINBASE DERIVATIVES, LLC",176LM1,0,0,0,0,0,0,0,0,21923,11616,0,10307,8377,21358,3759,-12981,3249,575,2674
250715,NANO XRP - LMX LABS LLC,176LM1,0,0,0,0,143,0,0,143,8157,12453,0,-4296,7092,5168,4437,1924,2939,710,2229
250708,NANO XRP - LMX LABS LLC,176LM1,0,0,0,0,0,0,0,0,1490,14089,0,-12599,13160,2423,0,10737,2281,419,1862
250701,NANO XRP - LMX LABS LLC,176LM1,0,0,0,0,0,0,0,0,1721,14796,0,-13075,13512,2296,0,11216,2069,210,1859
250624,NANO XRP - LMX LABS LLC,176LM1,0,0,0,0,0,0,0,0,0,10555,2608,-10555,10505,1771,0,8734,2073,252,1821
250617,NANO XRP - LMX LABS LLC,176LM1,0,0,0,0,0,0,0,0,0,7137,7341,-7137,6273,644,1372,5629,1762,254,1508
250610,NANO XRP - LMX LABS LLC,176LM1,0,0,0,0,0,0,0,0,1056,4201,6031,-3145,3901,2220,1372,1681,1585,121,1464
250603,NANO XRP - LMX LABS LLC,176LM1,0,0,0,0,0,0,0,0,3710,5494,0,-1784,2430,2006,0,424,1504,144,1360
250527,NANO XRP - LMX LABS LLC,176LM1,0,0,0,0,0,0,0,0,2198,5401,0,-3203,2665,1185,0,1480,1804,81,1723
250520,NANO XRP - LMX LABS LLC,176LM1,0,0,0,0,0,0,0,0,998,4763,0,-3765,2685,671,0,2014,1888,137,1751
250513,NANO XRP - LMX LABS LLC,176LM1,0,0,0,0,0,0,0,0,2180,5094,72,-2914,2081,830,0,1251,1864,201,1663
250506,NANO XRP - LMX LABS LLC,176LM1,0,0,0,0,0,0,0,0,190,3031,29,-2841,1803,438,0,1365,1631,155,1476
250429,NANO XRP - LMX LABS LLC,176LM1,0,0,0,0,0,0,0,0,60,2348,0,-2288,1173,173,0,1000,1420,132,1288
250729,SOL - CHICAGO MERCANTILE EXCHANGE,177741,5920,261,6,5659,416,1453,0,-1037,53,4665,11,-4612,30,66,0,-36,195,169,26
250722,SOL - CHICAGO MERCANTILE EXCHANGE,177741,5567,102,260,5465,367,1126,0,-759,174,5013,1040,-4839,152,80,349,72,252,191,61
250729,"NANO SOLANA - COINBASE DERIVATIVES, LLC",177LM1,0,231,0,-231,0,0,0,0,76,13662,75,-13586,13517,1885,0,11632,2654,469,2185
250722,"NANO SOLANA - COINBASE DERIVATIVES, LLC",177LM1,0,234,0,-234,0,0,0,0,85,9136,6194,-9051,16155,8613,0,7542,2485,742,1743
250715,NANO SOLANA - LMX LABS LLC,177LM1,0,0,0,0,0,0,0,0,40,10431,80,-10391,13013,4679,0,8334,2481,424,2057
250708,NANO SOLANA - LMX LABS LLC,177LM1,0,140,0,-140,0,0,0,0,65,7427,40,-7362,9579,4117,0,5462,2425,385,2040
250701,NANO SOLANA - LMX LABS LLC,177LM1,0,0,0,0,0,0,0,0,0,6676,0,-6676,9090,4218,0,4872,2271,467,1804
250624,NANO SOLANA - LMX LABS LLC,177LM1,0,0,0,0,0,0,0,0,199,7263,520,-7064,7933,2855,0,5078,2499,513,1986
250617,NANO SOLANA - LMX LABS LLC,177LM1,0,0,0,0,0,0,0,0,149,6554,1080,-6405,6550,2132,0,4418,2327,340,1987
250610,NANO SOLANA - LMX LABS LLC,177LM1,0,0,0,0,0,0,0,0,149,5883,760,-5734,6464,2312,0,4152,1813,231,1582
250603,NANO SOLANA - LMX LABS LLC,177LM1,0,0,0,0,0,0,0,0,30,5194,720,-5164,5721,2171,0,3550,1837,223,1614
250527,NANO SOLANA - LMX LABS LLC,177LM1,0,0,0,0,0,0,0,0,798,5651,0,-4853,5340,1791,0,3549,1633,329,1304
250520,NANO SOLANA - LMX LABS LLC,177LM1,0,0,0,0,0,0,0,0,847,6654,0,-5807,6245,1812,0,4433,1732,358,1374
250513,NANO SOLANA - LMX LABS LLC,177LM1,0,0,0,0,0,0,0,0,1511,4488,0,-2977,4170,2177,0,1993,1472,488,984
250506,NANO SOLANA - LMX LABS LLC,177LM1,0,0,0,0,0,0,0,0,672,3823,0,-3151,4634,2646,0,1988,1562,399,1163
250429,NANO SOLANA - LMX LABS LLC,177LM1,0,0,0,0,0,0,0,0,731,4241,0,-3510,4694,2237,0,2457,1400,347,1053
250422,NANO SOLANA - LMX LABS LLC,177LM1,0,0,0,0,0,0,0,0,1972,496,170,1476,3194,5194,170,-2000,1171,647,524
250415,NANO SOLANA - LMX LABS LLC,177LM1,0,0,0,0,0,0,0,0,603,651,240,-48,3662,4576,240,-914,1475,513,962
250408,NANO SOLANA - LMX LABS LLC,177LM1,0,0,0,0,0,0,0,0,1396,1440,163,-44,3647,5089,210,-1442,1882,396,1486
250401,NANO SOLANA - LMX LABS LLC,177LM1,0,0,0,0,0,0,0,0,836,139,119,697,2659,4588,20,-1929,1472,240,1232
250325,NANO SOLANA - LMX LABS LLC,177LM1,0,0,0,0,0,0,0,0,340,2847,0,-2507,2738,1353,0,1385,1608,486,1122
250318,NANO SOLANA - LMX LABS LLC,177LM1,0,0,0,0,0,0,0,0,574,3612,0,-3038,3170,1810,0,1360,1954,276,1678
250311,NANO SOLANA - LMX LABS LLC,177LM1,0,0,0,0,0,0,0,0,1136,3930,0,-2794,2578,1509,0,1069,2044,319,1725
250304,NANO SOLANA - LMX LABS LLC,177LM1,0,0,0,0,0,0,0,0,176,2854,0,-2678,2095,1178,0,917,2063,302,1761
250225,NANO SOLANA - LMX LABS LLC,177LM1,0,0,0,0,0,0,0,0,50,2506,4,-2456,1642,188,0,1454,1204,202,1002
250722,"HEDERA - COINBASE DERIVATIVES, LLC",180LM1,0,0,0,0,0,0,0,0,0,1599,0,-1599,1091,65,0,1026,693,120,573
250729,USD INDEX - ICE FUTURES U.S.,098662,9727,500,0,9227,5145,11046,1865,-5901,8729,11594,1339,-2865,2252,3022,53,-770,3809,3500,309
250722,USD INDEX - ICE FUTURES U.S.,098662,9854,400,10,9454,5319,13472,1875,-8153,12807,11890,1335,917,1575,3256,4,-1681,2946,3483,-537
250715,USD INDEX - ICE FUTURES U.S.,098662,9808,0,9,9808,3143,14206,1826,-11063,14235,10896,1450,3339,1591,2918,50,-1327,3065,3822,-757
250708,USD INDEX - ICE FUTURES U.S.,098662,9400,0,86,9400,3241,11462,1765,-8221,13952,12344,1204,1608,2195,4206,0,-2011,3233,4009,-776
250701,USD INDEX - ICE FUTURES U.S.,098662,9393,0,122,9393,3325,11445,1647,-8120,14869,12117,1165,2752,2461,5654,0,-3193,3304,4136,-832
250624,USD INDEX - ICE FUTURES U.S.,098662,9413,0,9,9413,3421,8738,1704,-5317,10723,11113,1273,-390,1842,4834,0,-2992,2840,3554,-714
250617,USD INDEX - ICE FUTURES U.S.,098662,9274,0,3,9274,2992,11202,1655,-8210,11452,9297,1317,2155,1040,3114,0,-2074,2988,4133,-1145
250610,USD INDEX - ICE FUTURES U.S.,098662,2043,0,0,2043,2311,10596,1496,-8285,19331,6341,2196,12990,510,5891,427,-5381,2345,3712,-1367
250603,USD INDEX - ICE FUTURES U.S.,098662,2048,356,0,1692,3307,9113,1720,-5806,17090,7332,925,9758,707,4766,87,-4059,2123,3708,-1585
250527,USD INDEX - ICE FUTURES U.S.,098662,2091,356,3,1735,3300,8785,1727,-5485,20000,7289,976,12711,640,8200,48,-7560,2194,3595,-1401
250520,USD INDEX - ICE FUTURES U.S.,098662,2204,356,2,1848,4301,8361,1720,-4060,17660,7398,1065,10262,984,7710,1,-6726,2252,3576,-1324
250513,USD INDEX - ICE FUTURES U.S.,098662,2215,403,2,1812,4745,7868,1720,-3123,14645,6360,852,8285,893,7415,61,-6522,2849,3301,-452
250506,USD INDEX - ICE FUTURES U.S.,098662,2015,484,78,1531,3662,8753,1283,-5091,24122,12190,931,11932,761,7755,1,-6994,2559,3937,-1378
250429,USD INDEX - ICE FUTURES U.S.,098662,1889,1741,59,148,3766,6818,1283,-3052,21178,10546,872,10632,1267,7896,1,-6629,2515,3614,-1099
250422,USD INDEX - ICE FUTURES U.S.,098662,1896,1800,78,96,3569,5782,1285,-2213,20902,11429,908,9473,1290,7635,1,-6345,2951,3962,-1011
250415,USD INDEX - ICE FUTURES U.S.,098662,1514,3793,102,-2279,3894,5135,867,-1241,16141,8030,638,8111,1271,5404,1,-4133,2796,3254,-458
250408,USD INDEX - ICE FUTURES U.S.,098662,1684,3662,35,-1978,4878,2970,759,1908,11631,8097,648,3534,655,3807,1,-3152,2479,2791,-312
250401,USD INDEX - ICE FUTURES U.S.,098662,919,3782,728,-2863,6920,2692,876,4228,15316,13335,775,1981,1568,4270,13,-2702,2164,2808,-644
250325,USD INDEX - ICE FUTURES U.S.,098662,951,3412,704,-2461,6101,2010,878,4091,15453,15640,863,-187,1303,3223,13,-1920,2953,2476,477
250318,USD INDEX - ICE FUTURES U.S.,098662,1087,3412,598,-2325,7305,1479,1003,5826,15256,15553,1141,-297,995,3751,1,-2756,2214,2662,-448
250311,USD INDEX - ICE FUTURES U.S.,098662,1372,20750,456,-19378,8120,683,645,7437,21509,7340,3938,14169,960,3636,9,-2676,2856,2408,448
250304,USD INDEX - ICE FUTURES U.S.,098662,1256,20972,596,-19716,12355,468,545,11887,19095,9095,1126,10000,1136,3617,80,-2481,2886,2576,310
250225,USD INDEX - ICE FUTURES U.S.,098662,1375,20472,460,-19097,13997,624,516,13373,15680,9074,1800,6606,1346,2357,80,-1011,2808,2679,129
250218,USD INDEX - ICE FUTURES U.S.,098662,1704,20922,243,-19218,15140,620,481,14520,15966,10461,517,5505,1157,2253,90,-1096,3161,2872,289
250211,USD INDEX - ICE FUTURES U.S.,098662,1905,20639,0,-18734,17226,596,547,16630,14117,11648,399,2469,1439,2931,112,-1492,3546,2419,1127
250204,USD INDEX - ICE FUTURES U.S.,098662,1430,20814,0,-19384,18334,527,459,17807,13734,11901,498,1833,1304,2935,61,-1631,3885,2510,1375
250128,USD INDEX - ICE FUTURES U.S.,098662,1455,20764,0,-19309,18866,570,466,18296,14209,13702,750,507,1296,1696,61,-400,3888,2982,906
250121,USD INDEX - ICE FUTURES U.S.,098662,1687,20639,0,-18952,21935,667,466,21268,15090,17058,1087,-1968,1255,3251,61,-1996,4133,2485,1648
250114,USD INDEX - ICE FUTURES U.S.,098662,1412,16759,0,-15347,22451,205,475,22246,14541,22889,782,-8348,2003,2113,61,-110,4033,2474,1559
250107,USD INDEX - ICE FUTURES U.S.,098662,943,12586,0,-11643,22117,278,483,21839,14064,25606,1315,-11542,1923,2090,61,-167,3968,2455,1513
250729,VIX FUTURES - CBOE FUTURES EXCHANGE,1170E1,107879,52809,23041,55070,87956,64574,62285,23382,65732,141035,61797,-75303,1010,5777,5275,-4767,28048,26430,1618
250722,VIX FUTURES - CBOE FUTURES EXCHANGE,1170E1,104683,40850,23070,63833,83968,61168,51165,22800,47609,129735,56548,-82126,450,6599,5044,-6149,25933,24291,1642
250715,VIX FUTURES - CBOE FUTURES EXCHANGE,1170E1,94247,48853,37360,45394,83354,62007,44416,21347,58090,120732,59626,-62642,500,5508,7028,-5008,27057,26148,909
250708,VIX FUTURES - CBOE FUTURES EXCHANGE,1170E1,84328,40146,29400,44182,92549,60184,37198,32365,46109,119286,58196,-73177,3574,6498,5480,-2924,25916,26362,-446
250701,VIX FUTURES - CBOE FUTURES EXCHANGE,1170E1,75770,40919,27456,34851,81703,57980,41187,23723,52152,110629,49033,-58477,3499,4418,4907,-919,25500,24678,822
250624,VIX FUTURES - CBOE FUTURES EXCHANGE,1170E1,60605,30521,27966,30084,66024,54920,36051,11104,43453,84675,43646,-41222,5335,6325,5653,-990,25722,24698,1024
250617,VIX FUTURES - CBOE FUTURES EXCHANGE,1170E1,69033,40609,33578,28424,69420,55073,32646,14347,46151,87582,41580,-41431,5049,5015,6075,34,23942,25316,-1374
250610,VIX FUTURES - CBOE FUTURES EXCHANGE,1170E1,63834,44538,31084,19296,63472,49487,32519,13985,41443,74591,51532,-33148,4128,2752,5162,1376,25834,27343,-1509
250603,VIX FUTURES - CBOE FUTURES EXCHANGE,1170E1,45842,34233,32959,11609,54900,45020,31529,9880,39555,63858,44848,-24303,4013,1178,5618,2835,25406,25427,-21
250527,VIX FUTURES - CBOE FUTURES EXCHANGE,1170E1,28992,27654,35790,1338,51749,44610,28680,7139,38402,53010,39815,-14608,6684,1168,3465,5516,25950,25335,615
250520,VIX FUTURES - CBOE FUTURES EXCHANGE,1170E1,35490,42083,45067,-6593,55789,46102,31117,9687,52730,59114,44607,-6384,5914,3785,5221,2129,23915,22754,1161
250513,VIX FUTURES - CBOE FUTURES EXCHANGE,1170E1,17676,45358,37294,-27682,43541,31765,32378,11776,52184,44415,44177,7769,6610,2538,4362,4072,38350,34285,4065
250506,VIX FUTURES - CBOE FUTURES EXCHANGE,1170E1,22730,36581,44557,-13851,43852,23615,34282,20237,49651,63456,45753,-13805,7742,2925,4629,4817,25910,23308,2602
250429,VIX FUTURES - CBOE FUTURES EXCHANGE,1170E1,20627,41943,35998,-21316,38574,18044,40154,20530,50416,59562,49901,-9146,9197,2862,4541,6335,29624,26027,3597
250422,VIX FUTURES - CBOE FUTURES EXCHANGE,1170E1,33117,30494,28553,2623,39788,18303,38932,21485,47729,83528,39311,-35799,13076,4111,4401,8965,28192,25466,2726
250415,VIX FUTURES - CBOE FUTURES EXCHANGE,1170E1,53466,53533,36822,-67,38108,20846,40336,17262,66918,93815,43264,-26897,16305,6747,7615,9558,29702,29558,144
250408,VIX FUTURES - CBOE FUTURES EXCHANGE,1170E1,60759,48242,35767,12517,46199,37323,33974,8876,74059,111597,58506,-37538,19940,4634,12702,15306,35156,34317,839
250401,VIX FUTURES - CBOE FUTURES EXCHANGE,1170E1,31393,22429,32621,8964,67030,55814,35971,11216,53583,82196,50358,-28613,12509,6379,10336,6130,29211,26908,2303
250325,VIX FUTURES - CBOE FUTURES EXCHANGE,1170E1,13337,25660,32849,-12323,63708,39016,45709,24692,56256,78296,51897,-22040,6132,2609,10015,3523,27278,21130,6148
250318,VIX FUTURES - CBOE FUTURES EXCHANGE,1170E1,28487,36603,43528,-8116,56514,30820,44342,25694,56479,85101,61911,-28622,17863,5121,11639,12742,27820,29518,-1698
250311,VIX FUTURES - CBOE FUTURES EXCHANGE,1170E1,53321,39646,35101,13675,53143,34793,46211,18350,59610,102964,73718,-43354,16093,3169,19170,12924,28628,30223,-1595
250304,VIX FUTURES - CBOE FUTURES EXCHANGE,1170E1,56541,27540,30769,29001,59064,53730,55827,5334,63872,104162,67954,-40290,11483,5522,14248,5961,31279,31285,-6
250225,VIX FUTURES - CBOE FUTURES EXCHANGE,1170E1,67497,20785,26603,46712,70938,69150,54176,1788,67482,104957,59479,-37475,8893,20928,5498,-12035,28991,27981,1010
250218,VIX FUTURES - CBOE FUTURES EXCHANGE,1170E1,75090,37555,39876,37535,72619,69907,43874,2712,61394,102277,65604,-40883,4534,5946,7303,-1412,28989,26941,2048
250211,VIX FUTURES - CBOE FUTURES EXCHANGE,1170E1,59569,17674,37349,41895,58655,66627,45495,-7972,56087,98103,59373,-42016,4618,1642,8729,2976,30334,25217,5117
250204,VIX FUTURES - CBOE FUTURES EXCHANGE,1170E1,55506,12342,32662,43164,49317,60420,39135,-11103,46223,82002,60771,-35779,6839,5284,6471,1555,28653,26490,2163
250128,VIX FUTURES - CBOE FUTURES EXCHANGE,1170E1,56649,12046,32596,44603,62263,57027,45088,5236,38999,81019,56106,-42020,6821,13124,7014,-6303,25270,26786,-1516
250121,VIX FUTURES - CBOE FUTURES EXCHANGE,1170E1,49629,29009,50416,20620,55755,49658,44117,6097,45649,80950,60979,-35301,7758,1805,9197,5953,41409,38778,2631
250114,VIX FUTURES - CBOE FUTURES EXCHANGE,1170E1,41093,21805,36875,19288,46618,44519,37761,2099,33915,62412,64930,-28497,12583,4022,7588,8561,26958,28409,-1451
250107,VIX FUTURES - CBOE FUTURES EXCHANGE,1170E1,45450,26681,28607,18769,43118,43108,30324,10,38196,60243,64660,-22047,8602,1820,10081,6782,23578,27092,-3514
250729,BBG COMMODITY - CHICAGO BOARD OF TRADE,221602,154886,172868,16,-17982,30650,2797,5196,27853,1338,12090,6,-10752,863,258,10,605,380,104,276
250722,BBG COMMODITY - CHICAGO BOARD OF TRADE,221602,154802,172868,16,-18066,30791,2797,5196,27994,2254,13095,7,-10841,889,248,10,641,374,102,272
250715,BBG COMMODITY - CHICAGO BOARD OF TRADE,221602,154837,167537,16,-12700,25529,2797,9398,22732,1408,12736,1,-11328,1037,29,0,1008,399,111,288
250708,BBG COMMODITY - CHICAGO BOARD OF TRADE,221602,152121,162825,16,-10704,23415,2797,10718,20618,1651,12903,1,-11252,1019,0,0,1019,383,64,319
250701,BBG COMMODITY - CHICAGO BOARD OF TRADE,221602,151885,166316,16,-14431,26802,2797,7913,24005,1642,12329,0,-10687,817,0,0,817,345,49,296
250624,BBG COMMODITY - CHICAGO BOARD OF TRADE,221602,151845,170726,16,-18881,31180,2799,4145,28381,2362,12979,0,-10617,786,0,0,786,351,20,331
250617,BBG COMMODITY - CHICAGO BOARD OF TRADE,221602,153187,174785,12064,-21598,41137,2799,4165,38338,1531,17188,593,-15657,787,2127,1,-1340,1464,1207,257
250610,BBG COMMODITY - CHICAGO BOARD OF TRADE,221602,153167,170114,1067,-16947,36397,3780,3164,32617,2063,16178,0,-14115,607,2490,0,-1883,364,36,328
250603,BBG COMMODITY - CHICAGO BOARD OF TRADE,221602,152988,171643,1067,-18655,42482,3780,3164,38702,1265,20128,0,-18863,505,1994,0,-1489,344,39,305
250527,BBG COMMODITY - CHICAGO BOARD OF TRADE,221602,153063,174537,1067,-21474,43001,3785,3164,39216,983,17973,0,-16990,503,1436,0,-933,304,123,181
250520,BBG COMMODITY - CHICAGO BOARD OF TRADE,221602,152995,174537,1067,-21542,43073,3785,3164,39288,1587,18549,0,-16962,520,1462,0,-942,304,146,158
250513,BBG COMMODITY - CHICAGO BOARD OF TRADE,221602,153046,178181,1067,-25135,46206,3785,3323,42421,1078,17706,0,-16628,591,1417,0,-826,303,135,168
250506,BBG COMMODITY - CHICAGO BOARD OF TRADE,221602,153123,172841,1067,-19718,36026,4958,2150,31068,1713,13563,14,-11850,499,250,0,249,308,57,251
250429,BBG COMMODITY - CHICAGO BOARD OF TRADE,221602,153118,184515,1067,-31397,51690,4940,2150,46750,957,16604,0,-15647,531,507,0,24,374,104,270
250422,BBG COMMODITY - CHICAGO BOARD OF TRADE,221602,153079,183154,1067,-30075,50305,8921,582,41384,1203,12909,14,-11706,656,506,0,150,331,84,247
250415,BBG COMMODITY - CHICAGO BOARD OF TRADE,221602,152992,177415,1067,-24423,44562,8921,582,35641,1398,13068,14,-11670,636,481,0,155,327,30,297
250408,BBG COMMODITY - CHICAGO BOARD OF TRADE,221602,153433,171644,1067,-18211,38741,9853,582,28888,582,12519,12,-11937,1452,482,0,970,373,83,290
250401,BBG COMMODITY - CHICAGO BOARD OF TRADE,221602,154391,188352,1067,-33961,57045,8503,1684,48542,4363,20139,0,-15776,1284,458,0,826,473,104,369
250325,BBG COMMODITY - CHICAGO BOARD OF TRADE,221602,154301,189157,1067,-34856,57328,8503,1699,48825,4323,19174,0,-14851,1021,469,0,552,424,94,330
250318,BBG COMMODITY - CHICAGO BOARD OF TRADE,221602,155368,185832,9960,-30464,57142,8503,1699,48639,4288,19345,861,-15057,860,4325,0,-3465,1696,1349,347
250311,BBG COMMODITY - CHICAGO BOARD OF TRADE,221602,154778,181197,0,-26419,49237,8503,1699,40734,4374,15738,0,-11364,997,4257,0,-3260,433,124,309
250304,BBG COMMODITY - CHICAGO BOARD OF TRADE,221602,152514,176262,0,-23748,46136,8503,1699,37633,4364,15306,0,-10942,910,4181,0,-3271,418,90,328
250225,BBG COMMODITY - CHICAGO BOARD OF TRADE,221602,151764,179852,0,-28088,49217,4354,1699,44863,4363,18523,0,-14160,1071,3974,0,-2903,359,71,288
250218,BBG COMMODITY - CHICAGO BOARD OF TRADE,221602,152165,167133,0,-14968,34980,2523,3218,32457,2288,18491,0,-16203,978,2619,0,-1641,457,102,355
250211,BBG COMMODITY - CHICAGO BOARD OF TRADE,221602,152165,163793,0,-11628,31774,3359,2481,28415,375,17472,4,-17097,937,911,0,26,405,121,284
250204,BBG COMMODITY - CHICAGO BOARD OF TRADE,221602,152150,160857,0,-8707,26863,3494,2481,23369,712,15870,0,-15158,974,782,0,192,409,105,304
250128,BBG COMMODITY - CHICAGO BOARD OF TRADE,221602,152150,162101,0,-9951,24886,5100,1615,19786,2699,13636,0,-10937,976,93,0,883,363,144,219
250121,BBG COMMODITY - CHICAGO BOARD OF TRADE,221602,152150,164084,0,-11934,26865,5332,1615,21533,4410,15053,0,-10643,945,152,0,793,383,132,251
250114,BBG COMMODITY - CHICAGO BOARD OF TRADE,221602,152150,166563,0,-14413,29326,5415,1615,23911,4851,15308,0,-10457,854,119,0,735,360,136,224
250107,BBG COMMODITY - CHICAGO BOARD OF TRADE,221602,150550,158434,0,-7884,21382,6195,853,15187,5517,13608,0,-8091,720,136,0,584,337,133,204
